# wave (µm)	R (µW cm-2 sr-1 µm-1)
4.90049982e+00	9.08035460e-01
4.90150023e+00	9.88028350e-01
4.90250015e+00	1.03072980e+00
4.90350008e+00	1.01323800e+00
4.90450001e+00	1.01106820e+00
4.90549994e+00	1.04022090e+00
4.90649986e+00	1.01440660e+00
4.90749979e+00	9.27576660e-01
4.90850019e+00	8.92612580e-01
4.90950012e+00	9.80511670e-01
4.91050100e+00	1.13871490e+00
4.91149998e+00	1.21754100e+00
4.91249990e+00	1.21585600e+00
4.91349983e+00	1.10641680e+00
4.91450024e+00	1.02937840e+00
4.91550016e+00	1.05148420e+00
4.91650009e+00	1.14342030e+00
4.91750002e+00	1.17190300e+00
4.91849995e+00	1.09259740e+00
4.91949987e+00	1.14753060e+00
4.92049980e+00	1.20553300e+00
4.92150021e+00	1.10919860e+00
4.92250013e+00	9.36256470e-01
4.92350006e+00	9.60924450e-01
4.92449999e+00	1.05375830e+00
4.92549992e+00	1.03007660e+00
4.92649984e+00	9.68841850e-01
4.92749977e+00	1.01483380e+00
4.92850018e+00	1.07948430e+00
4.92950010e+00	1.13779830e+00
4.93050098e+00	1.09401550e+00
4.93149996e+00	1.04218470e+00
4.93249989e+00	1.00108990e+00
4.93349981e+00	9.07807710e-01
4.93450022e+00	9.20380890e-01
4.93550014e+00	1.03737620e+00
4.93650007e+00	1.10139270e+00
4.93750000e+00	1.06380390e+00
4.93849993e+00	1.04336400e+00
4.93949986e+00	1.06823050e+00
4.94049978e+00	1.05815030e+00
4.94150019e+00	1.02154710e+00
4.94250011e+00	9.65822580e-01
4.94350100e+00	9.39607920e-01
4.94449997e+00	1.01634490e+00
4.94549990e+00	1.06594720e+00
4.94649982e+00	1.03020750e+00
4.94750023e+00	9.19137480e-01
4.94850016e+00	9.61448310e-01
4.94950008e+00	1.00899660e+00
4.95050001e+00	9.73965350e-01
4.95149994e+00	8.97663410e-01
4.95249987e+00	8.75944970e-01
4.95349979e+00	8.47751980e-01
4.95450020e+00	8.14726230e-01
4.95550013e+00	8.65642250e-01
4.95650101e+00	9.13899120e-01
4.95749998e+00	8.64293690e-01
4.95849991e+00	8.21332040e-01
4.95949984e+00	8.50377680e-01
4.96049976e+00	9.59530890e-01
4.96150017e+00	1.04966910e+00
4.96250010e+00	1.08505750e+00
4.96350002e+00	1.05778570e+00
4.96449995e+00	1.07249120e+00
4.96549988e+00	1.08840260e+00
4.96649981e+00	1.08607600e+00
4.96750021e+00	1.16095350e+00
4.96850014e+00	1.20265880e+00
4.96950102e+00	1.26725880e+00
4.97049999e+00	1.29460980e+00
4.97149992e+00	1.22132740e+00
4.97249985e+00	1.05951950e+00
4.97349977e+00	1.08745590e+00
4.97450018e+00	1.17038370e+00
4.97550011e+00	1.12266850e+00
4.97650099e+00	9.86854080e-01
4.97749996e+00	9.83720360e-01
4.97849989e+00	1.06192650e+00
4.97949982e+00	9.85521850e-01
4.98050022e+00	9.42328210e-01
4.98150015e+00	1.05244090e+00
4.98250008e+00	1.12426130e+00
4.98350000e+00	1.10606010e+00
4.98449993e+00	1.23528590e+00
4.98549986e+00	1.31681940e+00
4.98649979e+00	1.35534450e+00
4.98750019e+00	1.45481790e+00
4.98850012e+00	1.56149320e+00
4.98950100e+00	1.53941640e+00
4.99049997e+00	1.48204970e+00
4.99149990e+00	1.44085010e+00
4.99249983e+00	1.46745420e+00
4.99350023e+00	1.40043700e+00
4.99450016e+00	1.28512980e+00
4.99550009e+00	1.36084160e+00
4.99650002e+00	1.46181540e+00
4.99749994e+00	1.42983870e+00
4.99849987e+00	1.31098650e+00
4.99949980e+00	1.25604630e+00
5.00050020e+00	1.22159650e+00
5.00150013e+00	1.12011850e+00
5.00250101e+00	1.03015630e+00
5.00349998e+00	1.08515380e+00
5.00449991e+00	1.20746900e+00
5.00549984e+00	1.25726930e+00
5.00649977e+00	1.23638890e+00
5.00750017e+00	1.23501600e+00
5.00850010e+00	1.20808660e+00
5.00950098e+00	1.10753950e+00
5.01049995e+00	1.07498620e+00
5.01149988e+00	1.08958920e+00
5.01249981e+00	1.11429810e+00
5.01350021e+00	1.14844970e+00
5.01450014e+00	1.12464130e+00
5.01550007e+00	1.05796690e+00
5.01650000e+00	9.88759340e-01
5.01749992e+00	9.36632450e-01
5.01849985e+00	8.86622670e-01
5.01949978e+00	8.42029630e-01
5.02050018e+00	8.20317860e-01
5.02150011e+00	8.88458190e-01
5.02250099e+00	9.70790570e-01
5.02349997e+00	1.04621110e+00
5.02449989e+00	1.07688570e+00
5.02549982e+00	1.07756170e+00
5.02650023e+00	1.07526670e+00
5.02750015e+00	1.01020100e+00
5.02850008e+00	9.16061880e-01
5.02950001e+00	9.14727630e-01
5.03049994e+00	1.02317250e+00
5.03149986e+00	1.12070670e+00
5.03249979e+00	1.18043160e+00
5.03350019e+00	1.24378240e+00
5.03450012e+00	1.30361700e+00
5.03550100e+00	1.30690810e+00
5.03649998e+00	1.32806650e+00
5.03749990e+00	1.40521190e+00
5.03849983e+00	1.41737870e+00
5.03950024e+00	1.43251540e+00
5.04050016e+00	1.46931350e+00
5.04150009e+00	1.51246980e+00
5.04250002e+00	1.58714150e+00
5.04349995e+00	1.63210020e+00
5.04449987e+00	1.65712320e+00
5.04549980e+00	1.68257050e+00
5.04650021e+00	1.67590830e+00
5.04750013e+00	1.60558350e+00
5.04850006e+00	1.55490840e+00
5.04949999e+00	1.64984540e+00
5.05049992e+00	1.72584460e+00
5.05149984e+00	1.72531620e+00
5.05249977e+00	1.70135390e+00
5.05350018e+00	1.71089770e+00
5.05450010e+00	1.68898180e+00
5.05550098e+00	1.65049360e+00
5.05649996e+00	1.60678460e+00
5.05749989e+00	1.57667790e+00
5.05849981e+00	1.48971970e+00
5.05950022e+00	1.35666620e+00
5.06050014e+00	1.32549520e+00
5.06150103e+00	1.40262660e+00
5.06250000e+00	1.44452690e+00
5.06349993e+00	1.47256430e+00
5.06449986e+00	1.50394060e+00
5.06549978e+00	1.46727760e+00
5.06650019e+00	1.39634750e+00
5.06750011e+00	1.33301590e+00
5.06850100e+00	1.22402000e+00
5.06949997e+00	1.06296190e+00
5.07049990e+00	9.67177810e-01
5.07149982e+00	1.12942180e+00
5.07250023e+00	1.28112540e+00
5.07350016e+00	1.31252550e+00
5.07450008e+00	1.29443980e+00
5.07550001e+00	1.23432170e+00
5.07649994e+00	1.16613760e+00
5.07749987e+00	1.10639980e+00
5.07849979e+00	1.06558630e+00
5.07950020e+00	1.01274750e+00
5.08050013e+00	9.46365180e-01
5.08150101e+00	8.77239290e-01
5.08249998e+00	8.26833840e-01
5.08349991e+00	8.59487410e-01
5.08449984e+00	9.00187670e-01
5.08549976e+00	8.95454880e-01
5.08650017e+00	9.48671160e-01
5.08750010e+00	1.03708060e+00
5.08850002e+00	1.11168710e+00
5.08949995e+00	1.16966830e+00
5.09049988e+00	1.20000520e+00
5.09149981e+00	1.23843710e+00
5.09250021e+00	1.25766650e+00
5.09350014e+00	1.25811590e+00
5.09450102e+00	1.26886710e+00
5.09549999e+00	1.26339080e+00
5.09649992e+00	1.22482320e+00
5.09749985e+00	1.14733830e+00
5.09849977e+00	1.05732930e+00
5.09950018e+00	1.07694020e+00
5.10050011e+00	1.19240220e+00
5.10150099e+00	1.30248340e+00
5.10249996e+00	1.36744930e+00
5.10349989e+00	1.40253730e+00
5.10449982e+00	1.42229890e+00
5.10550022e+00	1.41346740e+00
5.10650015e+00	1.38259020e+00
5.10750008e+00	1.34998210e+00
5.10850000e+00	1.30156090e+00
5.10949993e+00	1.25460910e+00
5.11049986e+00	1.17008780e+00
5.11149979e+00	1.15319470e+00
5.11250019e+00	1.16190770e+00
5.11350012e+00	1.12391890e+00
5.11450100e+00	1.03108600e+00
5.11549997e+00	1.02093920e+00
5.11649990e+00	1.11585080e+00
5.11749983e+00	1.22092960e+00
5.11850023e+00	1.30970610e+00
5.11950016e+00	1.37448220e+00
5.12050009e+00	1.40931610e+00
5.12150002e+00	1.41576740e+00
5.12249994e+00	1.41790000e+00
5.12349987e+00	1.40212910e+00
5.12449980e+00	1.36649940e+00
5.12550020e+00	1.34078400e+00
5.12650013e+00	1.32667350e+00
5.12750101e+00	1.30409340e+00
5.12849998e+00	1.27179420e+00
5.12949991e+00	1.23645040e+00
5.13049984e+00	1.21801750e+00
5.13149977e+00	1.21034500e+00
5.13250017e+00	1.18025240e+00
5.13350010e+00	1.13472680e+00
5.13450098e+00	1.08213570e+00
5.13549995e+00	1.01584120e+00
5.13649988e+00	9.40009000e-01
5.13749981e+00	8.75504080e-01
5.13850021e+00	8.77992450e-01
5.13950014e+00	8.81319280e-01
5.14050007e+00	8.66840180e-01
5.14150000e+00	9.05113520e-01
5.14249992e+00	9.36582450e-01
5.14349985e+00	9.29294170e-01
5.14449978e+00	9.05986070e-01
5.14550018e+00	8.64355860e-01
5.14650011e+00	8.02940310e-01
5.14750099e+00	7.53082510e-01
5.14849997e+00	7.72310610e-01
5.14949989e+00	8.31219790e-01
5.15049982e+00	8.74307270e-01
5.15150023e+00	9.16132870e-01
5.15250015e+00	9.52249830e-01
5.15350103e+00	9.77213620e-01
5.15450001e+00	9.82851800e-01
5.15549994e+00	9.51191250e-01
5.15649986e+00	9.31364300e-01
5.15749979e+00	9.34235930e-01
5.15850019e+00	1.01098110e+00
5.15950012e+00	1.05935290e+00
5.16050100e+00	1.09153580e+00
5.16149998e+00	1.11103700e+00
5.16249990e+00	1.11920320e+00
5.16349983e+00	1.12862040e+00
5.16450024e+00	1.13631590e+00
5.16550016e+00	1.14585660e+00
5.16650009e+00	1.14239170e+00
5.16750002e+00	1.13249080e+00
5.16849995e+00	1.12452170e+00
5.16949987e+00	1.10813140e+00
5.17049980e+00	1.07351730e+00
5.17150021e+00	1.01701820e+00
5.17250013e+00	9.63828030e-01
5.17350006e+00	9.80324690e-01
5.17449999e+00	1.02892730e+00
5.17549992e+00	1.05318690e+00
5.17649984e+00	1.06184470e+00
5.17749977e+00	1.04977130e+00
5.17850018e+00	1.05946890e+00
5.17950010e+00	1.07867730e+00
5.18050098e+00	1.07765610e+00
5.18149996e+00	1.08208380e+00
5.18249989e+00	1.07727720e+00
5.18349981e+00	1.05392070e+00
5.18450022e+00	1.03028820e+00
5.18550014e+00	1.03155490e+00
5.18650103e+00	1.02923350e+00
5.18750000e+00	1.01663640e+00
5.18849993e+00	9.99616090e-01
5.18949986e+00	9.81594200e-01
5.19049978e+00	9.73957060e-01
5.19150019e+00	9.63542340e-01
5.19250011e+00	9.48326410e-01
5.19350100e+00	9.29837940e-01
5.19449997e+00	9.07526080e-01
5.19549990e+00	8.86689130e-01
5.19649982e+00	8.60286710e-01
5.19750023e+00	8.26298530e-01
5.19850016e+00	7.80398550e-01
5.19950008e+00	7.42737230e-01
5.20050001e+00	7.49794070e-01
5.20149994e+00	7.63334100e-01
5.20249987e+00	7.77964770e-01
5.20349979e+00	8.03371370e-01
5.20450020e+00	8.07037410e-01
5.20550013e+00	7.56821870e-01
5.20650101e+00	6.28302690e-01
5.20749998e+00	6.25037070e-01
5.20849991e+00	7.48611990e-01
5.20949984e+00	7.86382730e-01
5.21049976e+00	7.78924520e-01
5.21150017e+00	7.57112740e-01
5.21250010e+00	7.19146670e-01
5.21350002e+00	6.84759620e-01
5.21449995e+00	7.06204180e-01
5.21549988e+00	7.49138950e-01
5.21649981e+00	7.75744140e-01
5.21750021e+00	7.97814370e-01
5.21850014e+00	8.15814970e-01
5.21950102e+00	8.22312650e-01
5.22049999e+00	8.31275340e-01
5.22149992e+00	8.43581140e-01
5.22249985e+00	8.47415150e-01
5.22349977e+00	8.55727610e-01
5.22450018e+00	8.67480040e-01
5.22550011e+00	8.72646090e-01
5.22650099e+00	8.76076940e-01
5.22749996e+00	8.81398680e-01
5.22849989e+00	8.81558420e-01
5.22949982e+00	8.72145060e-01
5.23050022e+00	8.54519550e-01
5.23150015e+00	8.39591860e-01
5.23250008e+00	8.29023000e-01
5.23350000e+00	8.06822660e-01
5.23449993e+00	7.71531220e-01
5.23549986e+00	7.42067750e-01
5.23649979e+00	7.56862760e-01
5.23750019e+00	7.91181980e-01
5.23850012e+00	8.08148210e-01
5.23950100e+00	8.01585140e-01
5.24049997e+00	7.77274610e-01
5.24149990e+00	7.71562990e-01
5.24249983e+00	8.00944630e-01
5.24350023e+00	8.31960020e-01
5.24450016e+00	8.53838210e-01
5.24550104e+00	8.65799490e-01
5.24650002e+00	8.76074610e-01
5.24749994e+00	8.75500380e-01
5.24849987e+00	8.57412520e-01
5.24949980e+00	8.22824600e-01
5.25050020e+00	7.98662660e-01
5.25150013e+00	8.03929210e-01
5.25250101e+00	8.36682560e-01
5.25349998e+00	8.69036670e-01
5.25449991e+00	8.83984740e-01
5.25549984e+00	8.89979300e-01
5.25649977e+00	8.86392000e-01
5.25750017e+00	8.79390600e-01
5.25850010e+00	8.78040550e-01
5.25950098e+00	8.86844280e-01
5.26049995e+00	8.79443110e-01
5.26149988e+00	8.78337920e-01
5.26249981e+00	8.67185000e-01
5.26350021e+00	8.19966670e-01
5.26450014e+00	8.09135970e-01
5.26550007e+00	8.41362830e-01
5.26650000e+00	8.61098830e-01
5.26749992e+00	8.59182300e-01
5.26849985e+00	8.42308820e-01
5.26949978e+00	8.26514240e-01
5.27050018e+00	8.19502830e-01
5.27150011e+00	8.05688140e-01
5.27250099e+00	7.84786580e-01
5.27349997e+00	7.58432750e-01
5.27449989e+00	7.45138880e-01
5.27549982e+00	7.23856510e-01
5.27650023e+00	7.07140270e-01
5.27750015e+00	7.28193940e-01
5.27850103e+00	7.52841530e-01
5.27950001e+00	7.51368580e-01
5.28049994e+00	7.41513730e-01
5.28149986e+00	7.65431520e-01
5.28249979e+00	7.78174580e-01
5.28350019e+00	7.71029170e-01
5.28450012e+00	7.57458570e-01
5.28550100e+00	7.54973170e-01
5.28649998e+00	7.42092910e-01
5.28749990e+00	7.40868510e-01
5.28849983e+00	7.35899570e-01
5.28950024e+00	7.22010610e-01
5.29050016e+00	7.04288540e-01
5.29150009e+00	6.76048280e-01
5.29250002e+00	6.69298710e-01
5.29349995e+00	6.94134240e-01
5.29449987e+00	7.11672780e-01
5.29549980e+00	7.20831330e-01
5.29650021e+00	7.32513790e-01
5.29750013e+00	7.30454090e-01
5.29850101e+00	7.33019830e-01
5.29949999e+00	7.44364020e-01
5.30049992e+00	7.33675000e-01
5.30149984e+00	7.32198180e-01
5.30249977e+00	7.43257880e-01
5.30350018e+00	7.41672280e-01
5.30450010e+00	7.20072630e-01
5.30550098e+00	6.98994340e-01
5.30649996e+00	7.02348230e-01
5.30749989e+00	7.06310210e-01
5.30849981e+00	6.98308890e-01
5.30950022e+00	6.94296420e-01
5.31050014e+00	6.85351670e-01
5.31150103e+00	6.78872230e-01
5.31250000e+00	6.32309680e-01
5.31349993e+00	5.15821400e-01
5.31449986e+00	4.28856430e-01
5.31549978e+00	3.93819870e-01
5.31650019e+00	3.59702500e-01
5.31750011e+00	4.10724640e-01
5.31850100e+00	4.18773410e-01
5.31949997e+00	4.42887100e-01
5.32049990e+00	4.51469030e-01
5.32149982e+00	4.54140900e-01
5.32250023e+00	4.17330150e-01
5.32350016e+00	4.73504630e-01
5.32450008e+00	5.17727200e-01
5.32550001e+00	5.02955790e-01
5.32649994e+00	5.69267510e-01
5.32749987e+00	6.11942170e-01
5.32849979e+00	5.53661170e-01
5.32950020e+00	5.54192660e-01
5.33050013e+00	6.26285790e-01
5.33150101e+00	6.09450820e-01
5.33249998e+00	5.70982640e-01
5.33349991e+00	5.76274930e-01
5.33449984e+00	6.46674280e-01
5.33549976e+00	6.70091810e-01
5.33650017e+00	6.44123260e-01
5.33750010e+00	6.35490120e-01
5.33850002e+00	6.44740520e-01
5.33949995e+00	6.69293400e-01
5.34049988e+00	6.88908580e-01
5.34149981e+00	6.80821960e-01
5.34250021e+00	6.64120080e-01
5.34350014e+00	6.56695130e-01
5.34450102e+00	6.60186890e-01
5.34549999e+00	6.59387290e-01
5.34649992e+00	6.57787620e-01
5.34749985e+00	6.44002380e-01
5.34849977e+00	6.18925630e-01
5.34950018e+00	5.97384510e-01
5.35050011e+00	5.77202740e-01
5.35150099e+00	5.77806230e-01
5.35249996e+00	6.05014680e-01
5.35349989e+00	6.14593680e-01
5.35449982e+00	6.29942180e-01
5.35550022e+00	6.48965600e-01
5.35650015e+00	6.50412200e-01
5.35750008e+00	6.50886300e-01
5.35850000e+00	6.50503810e-01
5.35949993e+00	6.28462080e-01
5.36049986e+00	6.20101030e-01
5.36149979e+00	6.59963130e-01
5.36250019e+00	6.72905090e-01
5.36350012e+00	6.57751680e-01
5.36450100e+00	6.57002090e-01
5.36549997e+00	6.64104280e-01
5.36649990e+00	6.67161520e-01
5.36749983e+00	6.43063660e-01
5.36850023e+00	5.76785150e-01
5.36950016e+00	4.66293390e-01
5.37050104e+00	5.36852180e-01
5.37150002e+00	6.33496700e-01
5.37249994e+00	6.36424360e-01
5.37349987e+00	6.22020780e-01
5.37449980e+00	6.43913270e-01
5.37550020e+00	6.38822670e-01
5.37650013e+00	6.00806710e-01
5.37750101e+00	6.11401980e-01
5.37849998e+00	6.45407860e-01
5.37949991e+00	6.59987330e-01
5.38049984e+00	6.75406930e-01
5.38149977e+00	6.86590250e-01
5.38250017e+00	6.85536860e-01
5.38350010e+00	6.95275550e-01
5.38450098e+00	6.82617250e-01
5.38549995e+00	6.72545370e-01
5.38649988e+00	7.00489580e-01
5.38749981e+00	7.13771280e-01
5.38850021e+00	7.11292920e-01
5.38950014e+00	7.07373140e-01
5.39050007e+00	6.98164340e-01
5.39150000e+00	7.06148800e-01
5.39249992e+00	7.03695540e-01
5.39349985e+00	7.04385400e-01
5.39449978e+00	6.87237200e-01
5.39550018e+00	6.51783350e-01
5.39650011e+00	6.60352590e-01
5.39750099e+00	6.78877230e-01
5.39849997e+00	6.58513490e-01
5.39949989e+00	6.50368870e-01
5.40049982e+00	6.67104070e-01
5.40150023e+00	6.89128220e-01
5.40250015e+00	6.91537980e-01
5.40350103e+00	6.96860020e-01
5.40450001e+00	7.04928220e-01
5.40549994e+00	6.98944630e-01
5.40649986e+00	6.95482490e-01
5.40749979e+00	6.97286250e-01
5.40850019e+00	6.88987140e-01
5.40950012e+00	6.72698200e-01
5.41050100e+00	6.33320810e-01
5.41149998e+00	6.10081200e-01
5.41249990e+00	6.17267190e-01
5.41349983e+00	6.33719920e-01
5.41450024e+00	6.63608910e-01
5.41550016e+00	6.70895040e-01
5.41650009e+00	6.57552240e-01
5.41750002e+00	6.22963730e-01
5.41849995e+00	5.93533520e-01
5.41949987e+00	5.75107220e-01
5.42049980e+00	5.47932030e-01
5.42150021e+00	5.03435490e-01
5.42250013e+00	4.88722090e-01
5.42350006e+00	5.19192810e-01
5.42449999e+00	5.26928960e-01
5.42549992e+00	5.56876960e-01
5.42649984e+00	5.34538750e-01
5.42749977e+00	4.80724160e-01
5.42850018e+00	3.87824980e-01
5.42950106e+00	4.59714740e-01
5.43050098e+00	5.53061780e-01
5.43149996e+00	5.55972220e-01
5.43249989e+00	5.32534480e-01
5.43349981e+00	5.51189420e-01
5.43450022e+00	6.06679260e-01
5.43550014e+00	6.16761270e-01
5.43650103e+00	6.18483480e-01
5.43750000e+00	5.99754330e-01
5.43849993e+00	5.73123570e-01
5.43949986e+00	6.04165080e-01
5.44049978e+00	6.03083490e-01
5.44150019e+00	5.43034200e-01
5.44250011e+00	5.16875150e-01
5.44350100e+00	5.85073470e-01
5.44449997e+00	6.13938750e-01
5.44549990e+00	6.06406930e-01
5.44649982e+00	5.48812870e-01
5.44750023e+00	5.32548670e-01
5.44850016e+00	5.92436850e-01
5.44950008e+00	5.98890540e-01
5.45050001e+00	5.32995460e-01
5.45149994e+00	5.67385020e-01
5.45249987e+00	6.33246840e-01
5.45349979e+00	6.18762670e-01
5.45450020e+00	5.86585760e-01
5.45550013e+00	5.95991080e-01
5.45650101e+00	6.17020790e-01
5.45749998e+00	6.25496630e-01
5.45849991e+00	6.47829830e-01
5.45949984e+00	6.62060320e-01
5.46049976e+00	6.55902560e-01
5.46150017e+00	6.26232090e-01
5.46250105e+00	5.83277170e-01
5.46350002e+00	5.74255470e-01
5.46449995e+00	5.52531420e-01
5.46549988e+00	5.17110410e-01
5.46649981e+00	4.97809080e-01
5.46750021e+00	4.95501820e-01
5.46850014e+00	5.50855100e-01
5.46950102e+00	5.98679420e-01
5.47049999e+00	6.03298370e-01
5.47149992e+00	6.32055640e-01
5.47249985e+00	6.31061020e-01
5.47349977e+00	6.26540900e-01
5.47450018e+00	6.58736170e-01
5.47550011e+00	6.65530150e-01
5.47650099e+00	6.50834980e-01
5.47749996e+00	6.30702790e-01
5.47849989e+00	6.11598550e-01
5.47949982e+00	6.00056950e-01
5.48050022e+00	6.03534460e-01
5.48150015e+00	5.73453780e-01
5.48250008e+00	5.07403140e-01
5.48350000e+00	4.72882960e-01
5.48449993e+00	4.72204120e-01
5.48549986e+00	4.60312370e-01
5.48649979e+00	4.50059240e-01
5.48750019e+00	4.59259600e-01
5.48850012e+00	4.08872630e-01
5.48950100e+00	3.68959750e-01
5.49049997e+00	2.98045610e-01
5.49149990e+00	3.00295080e-01
5.49249983e+00	4.00038240e-01
5.49350023e+00	4.16847530e-01
5.49450016e+00	4.78562530e-01
5.49550104e+00	5.09372350e-01
5.49650002e+00	4.57985640e-01
5.49749994e+00	3.85268120e-01
5.49849987e+00	4.32642370e-01
5.49949980e+00	4.72556980e-01
5.50050020e+00	4.36145480e-01
5.50150013e+00	4.37945460e-01
5.50250101e+00	3.91414580e-01
5.50349998e+00	3.73589840e-01
5.50449991e+00	4.51484530e-01
5.50549984e+00	4.22410130e-01
5.50649977e+00	4.28338800e-01
5.50750017e+00	4.06097440e-01
5.50850010e+00	4.01633440e-01
5.50950098e+00	4.02912680e-01
5.51049995e+00	4.61433830e-01
5.51149988e+00	5.14767410e-01
5.51249981e+00	4.72655620e-01
5.51350021e+00	4.19285030e-01
5.51450014e+00	3.98741300e-01
5.51550007e+00	3.93892020e-01
5.51650000e+00	3.66099060e-01
5.51749992e+00	4.36798070e-01
5.51849985e+00	5.38778070e-01
5.51949978e+00	5.54840210e-01
5.52050018e+00	4.73313660e-01
5.52150106e+00	4.25403680e-01
5.52250099e+00	5.28569460e-01
5.52349997e+00	5.76097070e-01
5.52449989e+00	5.64257030e-01
5.52549982e+00	4.76067810e-01
5.52650023e+00	3.83846340e-01
5.52750015e+00	3.82145140e-01
5.52850103e+00	3.42932550e-01
5.52950001e+00	4.30019890e-01
5.53049994e+00	4.55760480e-01
5.53149986e+00	4.13053600e-01
5.53249979e+00	4.17921010e-01
5.53350019e+00	4.47353720e-01
5.53450012e+00	4.21191360e-01
5.53550100e+00	3.77848420e-01
5.53649998e+00	3.84791050e-01
5.53749990e+00	4.25350990e-01
5.53849983e+00	4.86594680e-01
5.53950024e+00	5.18373610e-01
5.54050016e+00	4.72307150e-01
5.54150009e+00	3.77824870e-01
5.54250002e+00	3.81801130e-01
5.54349995e+00	4.33218810e-01
5.54449987e+00	4.39198170e-01
5.54549980e+00	5.09140130e-01
5.54650021e+00	5.51800370e-01
5.54750013e+00	5.30476030e-01
5.54850006e+00	4.69264780e-01
5.54949999e+00	3.79831460e-01
5.55049992e+00	3.47494900e-01
5.55149984e+00	3.51024930e-01
5.55249977e+00	3.53442640e-01
5.55350018e+00	3.02646070e-01
5.55450106e+00	3.32338360e-01
5.55550098e+00	3.32981110e-01
5.55649996e+00	3.37962930e-01
5.55749989e+00	3.83836330e-01
5.55849981e+00	3.62230090e-01
5.55950022e+00	3.31686110e-01
5.56050014e+00	3.87069340e-01
5.56150103e+00	4.60861470e-01
5.56250000e+00	4.55335470e-01
5.56349993e+00	3.78160800e-01
5.56449986e+00	3.26752040e-01
5.56549978e+00	2.99745380e-01
5.56650019e+00	3.43723540e-01
5.56750011e+00	3.54679200e-01
5.56850100e+00	3.73645540e-01
5.56949997e+00	3.64262040e-01
5.57049990e+00	4.07757100e-01
5.57149982e+00	4.77876420e-01
5.57250023e+00	4.53133310e-01
5.57350016e+00	3.47194580e-01
5.57450008e+00	2.58778720e-01
5.57550001e+00	3.13727560e-01
5.57649994e+00	3.51355020e-01
5.57749987e+00	3.99246780e-01
5.57849979e+00	4.07933210e-01
5.57950020e+00	3.16336240e-01
5.58050013e+00	2.29990870e-01
5.58150101e+00	3.08751880e-01
5.58249998e+00	3.68640270e-01
5.58349991e+00	3.05420640e-01
5.58449984e+00	2.91255180e-01
5.58549976e+00	2.92002350e-01
5.58650017e+00	2.71754470e-01
5.58750105e+00	1.84413370e-01
5.58850002e+00	1.80345790e-01
5.58949995e+00	2.89634410e-01
5.59049988e+00	3.75851390e-01
5.59149981e+00	3.75258770e-01
5.59250021e+00	3.64670280e-01
5.59350014e+00	3.90629530e-01
5.59450102e+00	3.81356240e-01
5.59549999e+00	2.96445310e-01
5.59649992e+00	3.20493940e-01
5.59749985e+00	3.57646170e-01
5.59849977e+00	3.28408900e-01
5.59950018e+00	2.64740680e-01
5.60050011e+00	3.09520270e-01
5.60150099e+00	3.27625240e-01
5.60249996e+00	2.54973620e-01
5.60349989e+00	2.81020160e-01
5.60449982e+00	3.36445930e-01
5.60550022e+00	3.21969750e-01
5.60650015e+00	2.90980960e-01
5.60750008e+00	2.45522870e-01
5.60850000e+00	2.48345090e-01
5.60949993e+00	3.29191980e-01
5.61049986e+00	3.24974830e-01
5.61149979e+00	3.54564880e-01
5.61250019e+00	3.46485470e-01
5.61350107e+00	3.10177860e-01
5.61450100e+00	2.69153740e-01
5.61549997e+00	2.92959780e-01
5.61649990e+00	3.15919070e-01
5.61749983e+00	2.54705310e-01
5.61850023e+00	1.80169700e-01
5.61950016e+00	2.31219690e-01
5.62050104e+00	3.07255510e-01
5.62150002e+00	3.05732400e-01
5.62249994e+00	2.60657460e-01
5.62349987e+00	2.83060370e-01
5.62449980e+00	3.98787350e-01
5.62550020e+00	4.60881380e-01
5.62650013e+00	4.73433490e-01
5.62750101e+00	4.65580970e-01
5.62849998e+00	4.42404030e-01
5.62949991e+00	3.89082190e-01
5.63049984e+00	3.35134180e-01
5.63149977e+00	2.56673040e-01
5.63250017e+00	1.88334320e-01
5.63350010e+00	1.87071770e-01
5.63450098e+00	2.00638580e-01
5.63549995e+00	2.36127590e-01
5.63649988e+00	2.57492930e-01
5.63749981e+00	3.51866070e-01
5.63850021e+00	4.01094020e-01
5.63950014e+00	3.95389500e-01
5.64050007e+00	3.35228410e-01
5.64150000e+00	2.64421080e-01
5.64249992e+00	2.18305540e-01
5.64349985e+00	2.98509300e-01
5.64449978e+00	3.07087240e-01
5.64550018e+00	2.64474480e-01
5.64650106e+00	2.86470770e-01
5.64750099e+00	2.30087880e-01
5.64849997e+00	1.81294800e-01
5.64949989e+00	2.67669380e-01
5.65049982e+00	3.36317900e-01
5.65150023e+00	3.25144710e-01
5.65250015e+00	2.37704230e-01
5.65350103e+00	1.83451650e-01
5.65450001e+00	1.75978440e-01
5.65549994e+00	1.64964040e-01
5.65649986e+00	2.14269150e-01
5.65749979e+00	1.91517930e-01
5.65850019e+00	2.36056160e-01
5.65950012e+00	2.58713810e-01
5.66050100e+00	2.12786790e-01
5.66149998e+00	1.57018830e-01
5.66249990e+00	1.78228300e-01
5.66349983e+00	1.75560650e-01
5.66450024e+00	1.71956490e-01
5.66550016e+00	2.04652890e-01
5.66650009e+00	1.55172900e-01
5.66750002e+00	1.44654930e-01
5.66849995e+00	1.87827200e-01
5.66949987e+00	2.00320010e-01
5.67049980e+00	1.71348300e-01
5.67150021e+00	1.90894280e-01
5.67250013e+00	2.59310810e-01
5.67350101e+00	3.32328230e-01
5.67449999e+00	3.52297750e-01
5.67549992e+00	3.41232480e-01
5.67649984e+00	3.15462080e-01
5.67749977e+00	2.74927820e-01
5.67850018e+00	1.92012180e-01
5.67950106e+00	1.23121130e-01
5.68050098e+00	1.41013150e-01
5.68149996e+00	1.52054240e-01
5.68249989e+00	1.12240540e-01
5.68349981e+00	1.21055280e-01
5.68450022e+00	1.91749330e-01
5.68550014e+00	2.34417440e-01
5.68650103e+00	2.10124250e-01
5.68750000e+00	1.69545340e-01
5.68849993e+00	1.50589590e-01
5.68949986e+00	2.17502360e-01
5.69049978e+00	2.93922540e-01
5.69150019e+00	3.16989510e-01
5.69250011e+00	3.25046810e-01
5.69350100e+00	3.18490920e-01
5.69449997e+00	2.75461290e-01
5.69549990e+00	2.45365310e-01
5.69649982e+00	2.18002080e-01
5.69750023e+00	1.38581480e-01
5.69850016e+00	1.49670060e-01
5.69950008e+00	2.35466600e-01
5.70050001e+00	2.96681670e-01
5.70149994e+00	3.29514530e-01
5.70249987e+00	3.40344730e-01
5.70349979e+00	3.37044420e-01
5.70450020e+00	3.19939230e-01
5.70550108e+00	2.87289800e-01
5.70650101e+00	2.34117810e-01
5.70749998e+00	1.52677830e-01
5.70849991e+00	1.13876800e-01
5.70949984e+00	1.35075520e-01
5.71049976e+00	1.14624400e-01
5.71150017e+00	1.40707780e-01
5.71250105e+00	2.07284470e-01
5.71350002e+00	2.14063320e-01
5.71449995e+00	2.57121830e-01
5.71549988e+00	3.06834460e-01
5.71649981e+00	3.18663390e-01
5.71750021e+00	3.06942020e-01
5.71850014e+00	2.68784790e-01
5.71950102e+00	1.95546030e-01
5.72049999e+00	1.31450730e-01
5.72149992e+00	1.58453820e-01
5.72249985e+00	1.72043760e-01
5.72349977e+00	2.12341770e-01
5.72450018e+00	2.14373780e-01
5.72550011e+00	1.59636270e-01
5.72650099e+00	1.95403340e-01
5.72749996e+00	2.03985010e-01
5.72849989e+00	1.61907240e-01
5.72949982e+00	1.46244720e-01
5.73050022e+00	1.00472080e-01
5.73150015e+00	8.98408220e-02
5.73250008e+00	1.20833400e-01
5.73350000e+00	1.51360540e-01
5.73449993e+00	1.24250530e-01
5.73549986e+00	1.44226670e-01
5.73649979e+00	1.52118890e-01
5.73750019e+00	1.47552400e-01
5.73850107e+00	1.42665740e-01
5.73950100e+00	1.44125890e-01
