# wave (µm)	R (µW cm-2 sr-1 µm-1)
7.51100016e+00	1.24635420e+00
7.51300001e+00	9.35035820e-01
7.51499987e+00	5.70522130e-01
7.51700020e+00	5.22360980e-01
7.51900005e+00	6.06891390e-01
7.52099991e+00	6.94968040e-01
7.52299976e+00	1.37466350e+00
7.52500010e+00	1.29338320e+00
7.52699995e+00	1.40853940e+00
7.52899981e+00	1.52653050e+00
7.53100014e+00	2.22697950e+00
7.53299999e+00	4.70619920e+00
7.53499985e+00	5.64263630e+00
7.53700018e+00	3.13304950e+00
7.53900003e+00	1.47395420e+00
7.54099989e+00	9.08429090e-01
7.54300022e+00	6.95923330e-01
7.54500008e+00	5.35413800e-01
7.54699993e+00	5.90054510e-01
7.54899979e+00	6.04218130e-01
7.55100012e+00	1.23517180e+00
7.55299997e+00	1.98848860e+00
7.55499983e+00	1.53530190e+00
7.55700016e+00	9.40826060e-01
7.55900002e+00	9.52593390e-01
7.56099987e+00	1.87917970e+00
7.56300020e+00	4.44451240e+00
7.56500006e+00	3.51948760e+00
7.56699991e+00	1.41506600e+00
7.56899977e+00	8.02393200e-01
7.57100010e+00	5.46380940e-01
7.57299995e+00	4.71629680e-01
7.57499981e+00	4.76443920e-01
7.57700014e+00	5.27397040e-01
7.57900000e+00	3.66620120e-01
7.58099985e+00	1.20596800e+00
7.58300018e+00	2.09137960e+00
7.58500004e+00	8.07918550e-01
7.58699989e+00	4.48478550e-01
7.58900023e+00	6.00568000e-01
7.59100008e+00	1.21391270e+00
7.59299994e+00	3.39730860e+00
7.59499979e+00	3.43915320e+00
7.59700012e+00	1.27298380e+00
7.59899998e+00	6.42814820e-01
7.60099983e+00	4.16050310e-01
7.60300016e+00	3.20396040e-01
7.60500002e+00	2.93504030e-01
7.60699987e+00	3.16816300e-01
7.60900021e+00	3.88884400e-01
7.61100006e+00	1.30509030e+00
7.61299992e+00	1.00158060e+00
7.61499977e+00	3.79486440e-01
7.61700010e+00	3.88069570e-01
7.61899996e+00	5.22092280e-01
7.62099981e+00	8.69154100e-01
7.62300014e+00	1.98251450e+00
7.62500000e+00	4.39832450e+00
7.62699986e+00	2.56935210e+00
7.62900019e+00	1.03768660e+00
7.63100004e+00	6.36765000e-01
7.63299990e+00	5.01080040e-01
7.63500023e+00	4.77812770e-01
7.63700008e+00	5.22903380e-01
7.63899994e+00	5.26616630e-01
7.64099979e+00	1.01965740e+00
7.64300013e+00	1.14989420e+00
7.64499998e+00	7.62169120e-01
7.64699984e+00	9.22880590e-01
7.64900017e+00	1.27949140e+00
7.65100002e+00	1.91502370e+00
7.65299988e+00	3.34877920e+00
7.65500021e+00	5.91074850e+00
7.65700006e+00	6.82918360e+00
7.65899992e+00	6.83870120e+00
7.66099977e+00	6.14115670e+00
7.66300011e+00	6.22648430e+00
7.66499996e+00	6.10867830e+00
7.66699982e+00	5.85350610e+00
7.66900015e+00	5.55597350e+00
7.67100000e+00	6.29443070e+00
7.67299986e+00	5.40207860e+00
7.67500019e+00	5.13681220e+00
7.67700005e+00	4.04966550e+00
7.67899990e+00	3.78445320e+00
7.68100023e+00	5.04795690e+00
7.68300009e+00	5.39171220e+00
7.68499994e+00	3.74134660e+00
7.68699980e+00	1.56780350e+00
7.68900013e+00	2.65916780e+00
7.69099998e+00	4.09410140e+00
7.69299984e+00	4.46538110e+00
7.69500017e+00	3.54511860e+00
7.69700003e+00	1.21993720e+00
7.69899988e+00	8.30816270e-01
7.70100021e+00	1.81334630e+00
7.70300007e+00	3.42954400e+00
7.70499992e+00	4.81397630e+00
7.70699978e+00	5.21333410e+00
7.70900011e+00	2.71701460e+00
7.71099997e+00	2.27987980e+00
7.71299982e+00	2.01309920e+00
7.71500015e+00	1.97994970e+00
7.71700001e+00	2.32574870e+00
7.71899986e+00	3.01112340e+00
7.72100019e+00	3.61741330e+00
7.72300005e+00	3.71749000e+00
7.72499990e+00	4.92156120e+00
7.72700024e+00	3.33180090e+00
7.72900009e+00	2.05708380e+00
7.73099995e+00	1.95636060e+00
7.73299980e+00	8.81633160e-01
7.73500013e+00	2.14523320e+00
7.73699999e+00	2.59701250e+00
7.73899984e+00	1.50124690e+00
7.74100018e+00	8.67868190e-01
7.74300003e+00	3.70388900e-01
7.74499989e+00	4.18558720e-01
7.74700022e+00	8.22270510e-01
7.74900007e+00	8.55352640e-01
7.75099993e+00	1.26886370e+00
7.75299978e+00	2.08067150e+00
7.75500011e+00	1.80210830e+00
7.75699997e+00	3.28219890e+00
7.75899982e+00	4.58945130e+00
7.76100016e+00	4.84604500e+00
7.76300001e+00	3.78769990e+00
7.76499987e+00	5.30826620e+00
7.76700020e+00	2.93882440e+00
7.76900005e+00	1.26702430e+00
7.77099991e+00	1.54123800e+00
7.77299976e+00	2.10781620e+00
7.77500010e+00	7.36907480e-01
7.77699995e+00	4.98842570e-01
7.77899981e+00	8.83040670e-01
7.78100014e+00	1.04431950e+00
7.78299999e+00	5.50390480e-01
7.78499985e+00	7.79578800e-01
7.78700018e+00	1.03906670e+00
7.78900003e+00	2.14307500e+00
7.79099989e+00	5.04038620e+00
7.79300022e+00	5.08417130e+00
7.79500008e+00	5.25247530e+00
7.79699993e+00	4.25880430e+00
7.79899979e+00	1.95684900e+00
7.80100012e+00	2.75394420e+00
7.80299997e+00	4.56173320e+00
7.80499983e+00	2.37412790e+00
7.80700016e+00	1.42510720e+00
7.80900002e+00	1.20028140e+00
7.81099987e+00	1.55496950e+00
7.81300020e+00	1.34041990e+00
7.81500006e+00	9.22040280e-01
7.81699991e+00	4.77028370e-01
7.81899977e+00	3.65087030e-01
7.82100010e+00	4.29346680e-01
7.82299995e+00	6.03203120e-01
7.82499981e+00	1.16211130e+00
7.82700014e+00	3.62364790e+00
7.82900000e+00	3.85631900e+00
7.83099985e+00	4.12368150e+00
7.83300018e+00	3.28725910e+00
7.83500004e+00	1.28387420e+00
7.83699989e+00	1.49971770e+00
7.83900023e+00	2.72686430e+00
7.84100008e+00	4.97595550e+00
7.84299994e+00	5.10792450e+00
7.84499979e+00	2.29523300e+00
7.84700012e+00	1.19409660e+00
7.84899998e+00	1.45472560e+00
7.85099983e+00	5.89778960e-01
7.85300016e+00	3.96716210e-01
7.85500002e+00	3.70231420e-01
7.85699987e+00	4.44150870e-01
7.85900021e+00	5.37380750e-01
7.86100006e+00	1.01019470e+00
7.86299992e+00	2.98843500e+00
7.86499977e+00	5.50705290e+00
7.86700010e+00	3.41151600e+00
7.86899996e+00	4.88634780e+00
7.87099981e+00	2.44039940e+00
7.87300014e+00	1.20961870e+00
7.87500000e+00	1.59966190e+00
7.87699986e+00	1.87896840e+00
7.87900019e+00	3.16990660e+00
7.88100004e+00	4.20896200e+00
7.88299990e+00	3.76594350e+00
7.88500023e+00	4.25309850e+00
7.88700008e+00	4.98071580e+00
7.88899994e+00	3.47915960e+00
7.89099979e+00	1.20063100e+00
7.89300013e+00	6.24764380e-01
7.89499998e+00	5.49090450e-01
7.89699984e+00	7.54536690e-01
7.89900017e+00	1.70283150e+00
7.90100002e+00	4.49139930e+00
7.90299988e+00	4.20620920e+00
7.90500021e+00	1.30082940e+00
7.90700006e+00	5.76217830e-01
7.90899992e+00	1.17235150e+00
7.91099977e+00	1.66264390e+00
7.91300011e+00	1.54820260e+00
7.91499996e+00	4.50247480e+00
7.91699982e+00	3.29093240e+00
7.91900015e+00	1.35604800e+00
7.92100000e+00	2.19275900e+00
7.92299986e+00	3.68475290e+00
7.92500019e+00	2.83546780e+00
7.92700005e+00	2.90793820e+00
7.92899990e+00	1.72764420e+00
7.93100023e+00	3.92515440e+00
7.93300009e+00	2.63096640e+00
7.93499994e+00	1.52340050e+00
7.93699980e+00	4.41157820e+00
7.93900013e+00	5.13719610e+00
7.94099998e+00	1.86374590e+00
7.94299984e+00	1.12404070e+00
7.94500017e+00	5.30449570e-01
7.94700003e+00	9.29467440e-01
7.94899988e+00	8.69746510e-01
7.95100021e+00	4.38100130e-01
7.95300007e+00	5.75593050e-01
7.95499992e+00	6.10354900e-01
7.95699978e+00	2.38841530e+00
7.95900011e+00	2.30855660e+00
7.96099997e+00	1.11196410e+00
7.96299982e+00	4.80716740e-01
7.96500015e+00	5.25084020e-01
7.96700001e+00	2.45189500e+00
7.96899986e+00	2.76042290e+00
7.97100019e+00	9.81101270e-01
7.97300005e+00	8.73929500e-01
7.97499990e+00	3.91187810e+00
7.97700024e+00	4.82349540e+00
7.97900009e+00	3.41457410e+00
7.98099995e+00	8.58749150e-01
7.98299980e+00	1.05202290e+00
7.98500013e+00	1.39879060e+00
7.98699999e+00	1.03507100e+00
7.98899984e+00	7.45115340e-01
7.99100018e+00	3.13281240e-01
7.99300003e+00	2.98442510e-01
7.99499989e+00	1.57630700e-01
7.99700022e+00	2.71681040e-01
7.99900007e+00	1.55596710e+00
8.00100040e+00	2.57060580e+00
8.00300026e+00	2.62415240e+00
8.00500011e+00	5.32021220e-01
8.00699997e+00	4.31613060e-01
8.00899982e+00	5.16359450e-01
8.01099968e+00	1.00055250e+00
8.01299953e+00	3.65956330e+00
8.01500034e+00	3.85731120e+00
8.01700020e+00	6.94910350e-01
8.01900005e+00	4.94534110e-01
8.02099991e+00	1.74542740e+00
8.02299976e+00	3.16614170e+00
8.02499962e+00	1.10641550e+00
8.02700043e+00	2.68583700e+00
8.02900028e+00	1.94119370e+00
8.03100014e+00	3.10383680e+00
8.03299999e+00	6.97909240e-01
8.03499985e+00	2.14662120e-01
8.03699970e+00	2.12358560e-01
8.03899956e+00	2.27567270e-01
8.04100037e+00	6.08887970e-01
8.04300022e+00	1.99923550e+00
8.04500008e+00	1.31287590e+00
8.04699993e+00	2.33607820e+00
8.04899979e+00	7.92403580e-01
8.05099964e+00	1.32534440e+00
8.05300045e+00	1.64060220e+00
8.05500031e+00	3.25355770e-01
8.05700016e+00	1.74756030e+00
8.05900002e+00	2.60454010e+00
8.06099987e+00	1.25532100e+00
8.06299973e+00	3.35030620e-01
8.06499958e+00	6.58445780e-01
8.06700039e+00	5.91817920e-01
8.06900024e+00	2.83242880e-01
8.07100010e+00	8.73520550e-01
8.07299995e+00	2.12779620e+00
8.07499981e+00	8.65641470e-01
8.07699966e+00	1.40946250e+00
8.07900047e+00	7.00174510e-01
8.08100033e+00	1.09428600e+00
8.08300018e+00	2.49581930e+00
8.08500004e+00	1.14555500e+00
8.08699989e+00	1.23148570e+00
8.08899975e+00	1.46535550e+00
8.09099960e+00	2.53114510e+00
8.09300041e+00	5.51427540e-01
8.09500027e+00	4.21562110e-01
8.09700012e+00	6.55177300e-01
8.09899998e+00	5.09142700e-01
8.10099983e+00	5.16769830e-01
8.10299969e+00	5.33576070e-01
8.10499954e+00	3.86480450e-01
8.10700035e+00	1.27602300e+00
8.10900021e+00	8.12289420e-01
8.11100006e+00	4.81103720e-01
8.11299992e+00	5.95490750e-01
8.11499977e+00	6.87832300e-01
8.11699963e+00	6.82316780e-01
8.11900043e+00	6.92570510e-01
8.12100029e+00	5.22773500e-01
8.12300014e+00	4.49279010e-01
8.12500000e+00	5.21515910e-01
8.12699986e+00	9.94330410e-01
8.12899971e+00	2.13288880e+00
8.13099957e+00	1.19247160e+00
8.13300037e+00	1.14049240e+00
8.13500023e+00	1.71735470e+00
8.13700008e+00	1.29349610e+00
8.13899994e+00	1.22584490e+00
8.14099979e+00	9.24909830e-01
8.14299965e+00	6.61979910e-01
8.14500046e+00	5.30253350e-01
8.14700031e+00	8.50013020e-01
8.14900017e+00	1.01804660e+00
8.15100002e+00	9.95343150e-01
8.15299988e+00	9.76214530e-01
8.15499973e+00	8.08105950e-01
8.15699959e+00	7.06582070e-01
8.15900040e+00	8.52187220e-01
8.16100025e+00	8.48601100e-01
8.16300011e+00	1.11618160e+00
8.16499996e+00	1.37468920e+00
8.16699982e+00	1.34850650e+00
8.16899967e+00	1.29693530e+00
8.17099953e+00	1.23479270e+00
8.17300034e+00	1.03929840e+00
8.17500019e+00	1.07271830e+00
8.17700005e+00	9.36108950e-01
8.17899990e+00	1.10260930e+00
8.18099976e+00	7.64092390e-01
8.18299961e+00	8.22089910e-01
8.18500042e+00	9.03681160e-01
8.18700027e+00	6.87378940e-01
8.18900013e+00	6.02875590e-01
8.19099998e+00	1.34881510e+00
8.19299984e+00	5.52467820e-01
8.19499969e+00	9.21290640e-01
8.19699955e+00	5.88767710e-01
8.19900036e+00	1.19088910e+00
8.20100021e+00	7.06838910e-01
8.20300007e+00	9.03174280e-01
8.20499992e+00	9.57008660e-01
8.20699978e+00	9.81967210e-01
8.20899963e+00	1.20106010e+00
8.21100044e+00	9.51524790e-01
8.21300030e+00	1.18254610e+00
8.21500015e+00	7.86866370e-01
8.21700001e+00	7.37789210e-01
8.21899986e+00	8.71786590e-01
8.22099972e+00	1.12055130e+00
8.22299957e+00	1.36455070e+00
8.22500038e+00	8.24284850e-01
8.22700024e+00	1.20094820e+00
8.22900009e+00	1.65404080e+00
8.23099995e+00	1.89253800e+00
8.23299980e+00	2.00697970e+00
8.23499966e+00	2.22800090e+00
8.23700047e+00	2.08259800e+00
8.23900032e+00	1.97132540e+00
8.24100018e+00	1.75829940e+00
8.24300003e+00	2.03918910e+00
8.24499989e+00	1.81969310e+00
8.24699974e+00	1.59541830e+00
8.24899960e+00	1.32493900e+00
8.25100040e+00	1.53553640e+00
8.25300026e+00	1.07837090e+00
8.25500011e+00	1.14419440e+00
8.25699997e+00	1.23509610e+00
8.25899982e+00	1.27952370e+00
8.26099968e+00	1.24341330e+00
8.26299953e+00	1.34831070e+00
8.26500034e+00	1.55114210e+00
8.26700020e+00	1.33843800e+00
8.26900005e+00	1.00322080e+00
8.27099991e+00	9.24202080e-01
8.27299976e+00	9.05520860e-01
8.27499962e+00	1.24573600e+00
8.27700043e+00	1.29268430e+00
8.27900028e+00	1.57152010e+00
8.28100014e+00	1.83793320e+00
8.28299999e+00	1.99148760e+00
8.28499985e+00	2.35986070e+00
8.28699970e+00	2.02197840e+00
8.28899956e+00	1.68108450e+00
8.29100037e+00	1.93197520e+00
8.29300022e+00	2.20235970e+00
8.29500008e+00	1.82387440e+00
8.29699993e+00	2.24062990e+00
8.29899979e+00	2.06938460e+00
8.30099964e+00	1.80736660e+00
8.30300045e+00	1.59331500e+00
8.30500031e+00	1.48659710e+00
8.30700016e+00	1.05169700e+00
8.30900002e+00	1.19694770e+00
8.31099987e+00	1.05561180e+00
8.31299973e+00	1.62483290e+00
8.31499958e+00	1.60975710e+00
8.31700039e+00	1.42501320e+00
8.31900024e+00	1.33674740e+00
8.32100010e+00	1.06206750e+00
8.32299995e+00	1.15647020e+00
8.32499981e+00	1.18441060e+00
8.32699966e+00	1.08543710e+00
8.32900047e+00	1.62008790e+00
8.33100033e+00	2.48371240e+00
8.33300018e+00	2.40252970e+00
8.33500004e+00	2.23287990e+00
8.33699989e+00	1.87509260e+00
8.33899975e+00	2.14518480e+00
8.34099960e+00	1.54140270e+00
8.34300041e+00	9.17404230e-01
8.34500027e+00	5.77929080e-01
8.34700012e+00	1.13165700e+00
8.34899998e+00	1.26671300e+00
8.35099983e+00	9.60634710e-01
8.35299969e+00	1.18298580e+00
8.35499954e+00	1.56775150e+00
8.35700035e+00	1.50619350e+00
8.35900021e+00	2.21746330e+00
8.36100006e+00	2.05131480e+00
8.36299992e+00	1.23721610e+00
8.36499977e+00	1.20940730e+00
8.36699963e+00	1.66540000e+00
8.36900043e+00	1.67967560e+00
8.37100029e+00	1.59145750e+00
8.37300014e+00	1.82062630e+00
8.37500000e+00	2.49685980e+00
8.37699986e+00	2.16483690e+00
8.37899971e+00	1.85745010e+00
8.38099957e+00	1.82303640e+00
8.38300037e+00	1.72919520e+00
8.38500023e+00	1.95934330e+00
8.38700008e+00	2.62886190e+00
8.38899994e+00	2.45899460e+00
8.39099979e+00	2.18011520e+00
8.39299965e+00	1.68499200e+00
8.39500046e+00	1.79062370e+00
8.39700031e+00	1.35670110e+00
8.39900017e+00	1.38995920e+00
8.40100002e+00	1.47996180e+00
8.40299988e+00	1.81396940e+00
8.40499973e+00	2.12486410e+00
8.40699959e+00	2.84927850e+00
8.40900040e+00	2.99587300e+00
8.41100025e+00	2.83742280e+00
8.41300011e+00	2.33311100e+00
8.41499996e+00	2.87636900e+00
8.41699982e+00	3.09944340e+00
8.41899967e+00	2.88266940e+00
8.42099953e+00	2.11730670e+00
8.42300034e+00	9.36518010e-01
8.42500019e+00	1.30469720e+00
8.42700005e+00	2.10193350e+00
8.42899990e+00	1.56414930e+00
8.43099976e+00	9.33695550e-01
8.43299961e+00	1.00521710e+00
8.43500042e+00	1.42731150e+00
8.43700027e+00	1.32232120e+00
8.43900013e+00	9.91918030e-01
8.44099998e+00	1.26545320e+00
8.44299984e+00	1.66234290e+00
8.44499969e+00	1.76314250e+00
8.44699955e+00	1.80716600e+00
8.44900036e+00	1.87536840e+00
8.45100021e+00	2.14067240e+00
8.45300007e+00	1.98956470e+00
8.45499992e+00	1.95264530e+00
8.45699978e+00	1.72965350e+00
8.45899963e+00	1.87576460e+00
8.46100044e+00	2.33740190e+00
8.46300030e+00	2.51035670e+00
8.46500015e+00	2.08784650e+00
8.46700001e+00	2.82322190e+00
8.46899986e+00	3.02511360e+00
8.47099972e+00	3.21212740e+00
8.47299957e+00	2.74244620e+00
8.47500038e+00	2.10970640e+00
8.47700024e+00	2.86181620e+00
8.47900009e+00	2.58449530e+00
8.48099995e+00	2.68743370e+00
8.48299980e+00	2.25478120e+00
8.48499966e+00	1.87277500e+00
8.48700047e+00	2.27500220e+00
8.48900032e+00	1.65328410e+00
8.49100018e+00	1.54014280e+00
8.49300003e+00	1.38789340e+00
8.49499989e+00	1.01605820e+00
8.49699974e+00	1.05462180e+00
8.49899960e+00	1.77020530e+00
8.50100040e+00	1.96804610e+00
8.50300026e+00	1.09240690e+00
8.50500011e+00	8.42800440e-01
8.50699997e+00	1.86146080e+00
8.50899982e+00	2.15279890e+00
8.51099968e+00	1.57314960e+00
8.51299953e+00	6.65871260e-01
8.51500034e+00	1.43265580e+00
8.51700020e+00	2.38680050e+00
8.51900005e+00	2.58323220e+00
8.52099991e+00	2.02154400e+00
8.52299976e+00	1.22527540e+00
8.52499962e+00	1.65572390e+00
8.52700043e+00	1.80788350e+00
8.52900028e+00	1.88205660e+00
8.53100014e+00	2.38203360e+00
8.53299999e+00	1.47511600e+00
8.53499985e+00	1.79735080e+00
8.53699970e+00	1.40802760e+00
8.53899956e+00	1.47326460e+00
8.54100037e+00	2.55059030e+00
8.54300022e+00	2.41841240e+00
8.54500008e+00	1.63372890e+00
8.54699993e+00	2.32979730e+00
8.54899979e+00	2.46954750e+00
8.55099964e+00	1.70133500e+00
8.55300045e+00	1.41834530e+00
8.55500031e+00	1.67323170e+00
8.55700016e+00	2.00590180e+00
8.55900002e+00	2.02008130e+00
8.56099987e+00	2.36904670e+00
8.56299973e+00	3.28091530e+00
8.56499958e+00	3.36596180e+00
8.56700039e+00	3.33549140e+00
8.56900024e+00	3.43978070e+00
8.57100010e+00	3.19701220e+00
8.57299995e+00	2.40640520e+00
8.57499981e+00	2.21750740e+00
8.57699966e+00	2.08008270e+00
8.57900047e+00	1.88465170e+00
8.58100033e+00	1.92757610e+00
8.58300018e+00	1.70634420e+00
8.58500004e+00	9.71366940e-01
8.58699989e+00	8.10315790e-01
8.58899975e+00	1.36416630e+00
8.59099960e+00	1.81653990e+00
8.59300041e+00	2.04690310e+00
8.59500027e+00	2.28734540e+00
8.59700012e+00	1.14735040e+00
8.59899998e+00	1.19870770e+00
8.60099983e+00	1.88105960e+00
8.60299969e+00	2.06275610e+00
8.60499954e+00	2.28549080e+00
8.60700035e+00	1.98700940e+00
8.60900021e+00	1.19191690e+00
8.61100006e+00	1.54398180e+00
8.61299992e+00	2.21577020e+00
8.61499977e+00	1.88005890e+00
8.61699963e+00	1.29465500e+00
8.61900043e+00	1.96601180e+00
8.62100029e+00	2.11897970e+00
8.62300014e+00	1.48901400e+00
8.62500000e+00	1.09427450e+00
8.62699986e+00	8.02142560e-01
8.62899971e+00	8.07591560e-01
8.63099957e+00	1.24792390e+00
8.63300037e+00	1.66364200e+00
8.63500023e+00	1.84370260e+00
8.63700008e+00	2.20941570e+00
8.63899994e+00	2.31213070e+00
8.64099979e+00	2.23209520e+00
8.64299965e+00	2.60147240e+00
8.64500046e+00	2.40668610e+00
8.64700031e+00	1.70129720e+00
8.64900017e+00	9.68477610e-01
8.65100002e+00	1.10060130e+00
8.65299988e+00	1.90802900e+00
8.65499973e+00	2.59484220e+00
8.65699959e+00	2.88925620e+00
8.65900040e+00	2.31998420e+00
8.66100025e+00	1.86218910e+00
8.66300011e+00	2.67782810e+00
8.66499996e+00	3.01902480e+00
8.66699982e+00	2.63267830e+00
8.66899967e+00	1.67077140e+00
8.67099953e+00	8.84920540e-01
8.67300034e+00	1.42874160e+00
8.67500019e+00	1.63723700e+00
8.67700005e+00	1.96830640e+00
8.67899990e+00	2.31004550e+00
8.68099976e+00	2.10503820e+00
8.68299961e+00	1.63232660e+00
8.68500042e+00	1.27203140e+00
8.68700027e+00	2.36752720e+00
8.68900013e+00	2.47473500e+00
8.69099998e+00	2.27361230e+00
8.69299984e+00	1.60041690e+00
8.69499969e+00	1.44380640e+00
8.69699955e+00	2.73886560e+00
8.69900036e+00	3.14032630e+00
8.70100021e+00	2.86225010e+00
8.70300007e+00	2.81593890e+00
8.70499992e+00	3.12825300e+00
8.70699978e+00	2.97524000e+00
8.70899963e+00	3.21665620e+00
8.71100044e+00	2.72172710e+00
8.71300030e+00	1.97548460e+00
8.71500015e+00	2.23562260e+00
8.71700001e+00	2.89275340e+00
8.71899986e+00	3.30453780e+00
8.72099972e+00	3.19478850e+00
8.72299957e+00	3.16618250e+00
8.72500038e+00	3.09929630e+00
8.72700024e+00	2.88369250e+00
8.72900009e+00	2.82709430e+00
8.73099995e+00	2.93493030e+00
8.73299980e+00	2.78686690e+00
8.73499966e+00	2.76060460e+00
8.73700047e+00	2.88457680e+00
8.73900032e+00	2.25477790e+00
8.74100018e+00	1.86638410e+00
8.74300003e+00	1.99034820e+00
8.74499989e+00	1.83315090e+00
8.74699974e+00	2.05183030e+00
8.74899960e+00	2.64893390e+00
8.75100040e+00	2.48165680e+00
8.75300026e+00	2.24683640e+00
8.75500011e+00	1.88515530e+00
8.75699997e+00	1.16985120e+00
8.75899982e+00	1.28550910e+00
8.76099968e+00	1.67562150e+00
8.76299953e+00	1.49164510e+00
8.76500034e+00	9.93679940e-01
8.76700020e+00	6.66493240e-01
8.76900005e+00	8.16716430e-01
8.77099991e+00	8.95110370e-01
8.77299976e+00	1.32486280e+00
