# wave (µm)	R (µW cm-2 sr-1 µm-1)
6.53049994e+00	9.30893720e-02
6.53149986e+00	9.51235820e-02
6.53249979e+00	1.20853980e-01
6.53350019e+00	1.44391690e-01
6.53450012e+00	1.53144120e-01
6.53550005e+00	1.54335440e-01
6.53649998e+00	1.60417020e-01
6.53749990e+00	1.50635450e-01
6.53849983e+00	1.31381910e-01
6.53950024e+00	1.38894800e-01
6.54050016e+00	1.49459530e-01
6.54150009e+00	1.36093120e-01
6.54250002e+00	1.14710810e-01
6.54349995e+00	1.32518960e-01
6.54449987e+00	1.84489290e-01
6.54549980e+00	2.05013930e-01
6.54650021e+00	1.75201730e-01
6.54750013e+00	1.28218610e-01
6.54850006e+00	1.09928250e-01
6.54949999e+00	1.50331660e-01
6.55049992e+00	2.03320280e-01
6.55149984e+00	2.11363910e-01
6.55249977e+00	1.72042040e-01
6.55350018e+00	1.31575540e-01
6.55450010e+00	1.52801160e-01
6.55550003e+00	2.23870890e-01
6.55649996e+00	2.57755100e-01
6.55749989e+00	2.03355490e-01
6.55849981e+00	1.36016550e-01
6.55950022e+00	1.65651250e-01
6.56050014e+00	2.41250800e-01
6.56150007e+00	2.98519430e-01
6.56250000e+00	3.15015170e-01
6.56349993e+00	2.80847670e-01
6.56449986e+00	2.43259060e-01
6.56549978e+00	2.09126350e-01
6.56650019e+00	1.60409110e-01
6.56750011e+00	1.54742230e-01
6.56850004e+00	1.59095000e-01
6.56949997e+00	1.70508060e-01
6.57049990e+00	2.06065850e-01
6.57149982e+00	2.07983640e-01
6.57250023e+00	1.79370910e-01
6.57350016e+00	1.67974370e-01
6.57450008e+00	1.72466410e-01
6.57550001e+00	1.73241150e-01
6.57649994e+00	2.00368700e-01
6.57749987e+00	2.52832260e-01
6.57849979e+00	2.92464440e-01
6.57950020e+00	2.78779600e-01
6.58050013e+00	1.99294490e-01
6.58150005e+00	1.94970250e-01
6.58249998e+00	2.67756460e-01
6.58349991e+00	3.09383510e-01
6.58449984e+00	3.29176310e-01
6.58549976e+00	3.31416990e-01
6.58650017e+00	2.83537360e-01
6.58750010e+00	2.67564650e-01
6.58850002e+00	3.00116810e-01
6.58949995e+00	2.84347980e-01
6.59049988e+00	2.41145670e-01
6.59149981e+00	1.72158840e-01
6.59250021e+00	9.81079340e-02
6.59350014e+00	9.21731810e-02
6.59450006e+00	1.48668080e-01
6.59549999e+00	1.79519330e-01
6.59649992e+00	1.62649650e-01
6.59749985e+00	1.34712370e-01
6.59849977e+00	1.19654560e-01
6.59950018e+00	1.47810120e-01
6.60050011e+00	2.31934930e-01
6.60150003e+00	3.00690530e-01
6.60249996e+00	3.00928180e-01
6.60349989e+00	2.16513600e-01
6.60449982e+00	1.71790450e-01
6.60550022e+00	1.80761320e-01
6.60650015e+00	1.88642800e-01
6.60750008e+00	2.11948390e-01
6.60850000e+00	2.01044510e-01
6.60949993e+00	1.48725360e-01
6.61049986e+00	1.38850500e-01
6.61149979e+00	1.63700420e-01
6.61250019e+00	2.25842400e-01
6.61350012e+00	2.75787470e-01
6.61450005e+00	2.64207570e-01
6.61549997e+00	1.76907730e-01
6.61649990e+00	1.40831540e-01
6.61749983e+00	2.16623750e-01
6.61850023e+00	3.13673970e-01
6.61950016e+00	3.65283550e-01
6.62050009e+00	3.90009730e-01
6.62150002e+00	4.01138220e-01
6.62249994e+00	3.92994970e-01
6.62349987e+00	3.75724550e-01
6.62449980e+00	3.78742930e-01
6.62550020e+00	3.83771480e-01
6.62650013e+00	3.11317500e-01
6.62750006e+00	2.89733530e-01
6.62849998e+00	3.48125670e-01
6.62949991e+00	3.84176310e-01
6.63049984e+00	3.58536030e-01
6.63149977e+00	2.86093120e-01
6.63250017e+00	2.51793320e-01
6.63350010e+00	3.32381310e-01
6.63450003e+00	3.82126570e-01
6.63549995e+00	3.41776670e-01
6.63649988e+00	2.78520790e-01
6.63749981e+00	2.59323980e-01
6.63850021e+00	3.38528070e-01
6.63950014e+00	4.70080050e-01
6.64050007e+00	5.36910650e-01
6.64150000e+00	5.20070970e-01
6.64249992e+00	4.90918010e-01
6.64349985e+00	4.90958990e-01
6.64449978e+00	4.53708290e-01
6.64550018e+00	4.20301230e-01
6.64650011e+00	4.20732230e-01
6.64750004e+00	4.33252750e-01
6.64849997e+00	4.25493990e-01
6.64949989e+00	3.36015080e-01
6.65049982e+00	1.96821200e-01
6.65150023e+00	1.24239890e-01
6.65250015e+00	1.67335630e-01
6.65350008e+00	3.21432590e-01
6.65450001e+00	3.61372980e-01
6.65549994e+00	2.27235510e-01
6.65649986e+00	1.40873000e-01
6.65749979e+00	1.38504730e-01
6.65850019e+00	1.99622710e-01
6.65950012e+00	2.62396010e-01
6.66050005e+00	2.39586930e-01
6.66149998e+00	1.81134130e-01
6.66249990e+00	1.42190280e-01
6.66349983e+00	1.53403400e-01
6.66450024e+00	2.14229700e-01
6.66550016e+00	2.65489010e-01
6.66650009e+00	2.28419330e-01
6.66750002e+00	1.97821680e-01
6.66849995e+00	2.66632080e-01
6.66949987e+00	3.43050090e-01
6.67049980e+00	4.16868900e-01
6.67150021e+00	5.15425920e-01
6.67250013e+00	4.82322280e-01
6.67350006e+00	3.72879530e-01
6.67449999e+00	3.79974630e-01
6.67549992e+00	3.70093260e-01
6.67649984e+00	2.85665660e-01
6.67749977e+00	2.36783280e-01
6.67850018e+00	2.65643890e-01
6.67950010e+00	3.33807890e-01
6.68050003e+00	4.20402200e-01
6.68149996e+00	4.44215890e-01
6.68249989e+00	3.79023790e-01
6.68349981e+00	3.04601100e-01
6.68450022e+00	2.93737740e-01
6.68550014e+00	2.75891720e-01
6.68650007e+00	2.57375960e-01
6.68750000e+00	2.75683700e-01
6.68849993e+00	3.33990630e-01
6.68949986e+00	3.97406130e-01
6.69049978e+00	3.91436870e-01
6.69150019e+00	3.40349230e-01
6.69250011e+00	2.91321640e-01
6.69350004e+00	3.69478580e-01
6.69449997e+00	5.50647200e-01
6.69549990e+00	4.78560420e-01
6.69649982e+00	3.69561020e-01
6.69750023e+00	3.45765620e-01
6.69850016e+00	2.55345020e-01
6.69950008e+00	3.15862540e-01
6.70050001e+00	2.94165640e-01
6.70149994e+00	2.24592510e-01
6.70249987e+00	2.31374990e-01
6.70349979e+00	2.43124370e-01
6.70450020e+00	2.85698890e-01
6.70550013e+00	3.30205620e-01
6.70650005e+00	4.33429780e-01
6.70749998e+00	5.48788790e-01
6.70849991e+00	5.93524280e-01
6.70949984e+00	5.49084720e-01
6.71049976e+00	4.50414180e-01
6.71150017e+00	4.57254230e-01
6.71250010e+00	4.83416230e-01
6.71350002e+00	4.85170270e-01
6.71449995e+00	4.46962650e-01
6.71549988e+00	4.10239960e-01
6.71649981e+00	4.10489680e-01
6.71750021e+00	4.86080910e-01
6.71850014e+00	6.05761530e-01
6.71950006e+00	6.36589650e-01
6.72049999e+00	7.00083260e-01
6.72149992e+00	8.24980320e-01
6.72249985e+00	9.17109250e-01
6.72349977e+00	8.70935320e-01
6.72450018e+00	7.60687590e-01
6.72550011e+00	7.13845430e-01
6.72650003e+00	6.78572180e-01
6.72749996e+00	5.80215810e-01
6.72849989e+00	4.92593470e-01
6.72949982e+00	4.79049320e-01
6.73050022e+00	4.97057740e-01
6.73150015e+00	5.34335490e-01
6.73250008e+00	4.18317110e-01
6.73350000e+00	2.18891380e-01
6.73449993e+00	1.31092090e-01
6.73549986e+00	1.38237630e-01
6.73649979e+00	1.81489100e-01
6.73750019e+00	2.21143190e-01
6.73850012e+00	3.58753380e-01
6.73950005e+00	4.99899150e-01
6.74049997e+00	3.13186380e-01
6.74149990e+00	1.96034060e-01
6.74249983e+00	2.23275530e-01
6.74350023e+00	3.21679650e-01
6.74450016e+00	4.51025340e-01
6.74550009e+00	4.55468300e-01
6.74650002e+00	3.80222500e-01
6.74749994e+00	3.59988690e-01
6.74849987e+00	4.04509570e-01
6.74949980e+00	4.19146660e-01
6.75050020e+00	4.46414680e-01
6.75150013e+00	4.34820650e-01
6.75250006e+00	4.65338980e-01
6.75349998e+00	5.66898170e-01
6.75449991e+00	5.89803280e-01
6.75549984e+00	5.47208670e-01
6.75649977e+00	5.81060110e-01
6.75750017e+00	7.08732960e-01
6.75850010e+00	7.78097330e-01
6.75950003e+00	6.93711880e-01
6.76049995e+00	5.61592820e-01
6.76149988e+00	4.84729470e-01
6.76249981e+00	4.31259270e-01
6.76350021e+00	4.48274970e-01
6.76450014e+00	4.30511210e-01
6.76550007e+00	4.67742320e-01
6.76650000e+00	6.85327410e-01
6.76749992e+00	7.32211590e-01
6.76849985e+00	6.39952900e-01
6.76949978e+00	5.65576020e-01
6.77050018e+00	4.37015090e-01
6.77150011e+00	3.70470520e-01
6.77250004e+00	3.98260920e-01
6.77349997e+00	3.96207660e-01
6.77449989e+00	3.81542120e-01
6.77549982e+00	3.71087970e-01
6.77650023e+00	3.04677070e-01
6.77750015e+00	2.29981020e-01
6.77850008e+00	2.28833440e-01
6.77950001e+00	2.97297480e-01
6.78049994e+00	5.94121930e-01
6.78149986e+00	7.15096830e-01
6.78249979e+00	3.66606680e-01
6.78350019e+00	1.37981190e-01
6.78450012e+00	1.76966130e-01
6.78550005e+00	2.34135630e-01
6.78649998e+00	3.64495780e-01
6.78749990e+00	6.96559970e-01
6.78849983e+00	7.49855340e-01
6.78950024e+00	6.07544420e-01
6.79050016e+00	5.51608860e-01
6.79150009e+00	4.84204230e-01
6.79250002e+00	3.15096830e-01
6.79349995e+00	2.28867900e-01
6.79449987e+00	2.68253680e-01
6.79549980e+00	2.80110780e-01
6.79650021e+00	3.53785490e-01
6.79750013e+00	4.64464520e-01
6.79850006e+00	5.43374840e-01
6.79949999e+00	5.99158050e-01
6.80049992e+00	6.25106750e-01
6.80149984e+00	5.44167040e-01
6.80249977e+00	4.08017810e-01
6.80350018e+00	3.65552660e-01
6.80450010e+00	3.61613570e-01
6.80550003e+00	3.59199080e-01
6.80649996e+00	3.79071920e-01
6.80749989e+00	4.81780260e-01
6.80849981e+00	6.49512590e-01
6.80950022e+00	7.60486840e-01
6.81050014e+00	7.02438890e-01
6.81150007e+00	5.45984920e-01
6.81250000e+00	4.71915160e-01
6.81349993e+00	4.45147750e-01
6.81449986e+00	4.30197950e-01
6.81549978e+00	3.90414660e-01
6.81650019e+00	3.40546580e-01
6.81750011e+00	2.77713210e-01
6.81850004e+00	1.91689220e-01
6.81949997e+00	1.61150080e-01
6.82049990e+00	4.07625730e-01
6.82149982e+00	7.64165100e-01
6.82250023e+00	6.96256700e-01
6.82350016e+00	4.37061250e-01
6.82450008e+00	2.79200640e-01
6.82550001e+00	2.49787630e-01
6.82649994e+00	2.73136380e-01
6.82749987e+00	3.33450700e-01
6.82849979e+00	4.22095330e-01
6.82950020e+00	4.81869340e-01
6.83050013e+00	4.87649980e-01
6.83150005e+00	4.93660870e-01
6.83249998e+00	5.54791570e-01
6.83349991e+00	6.52543900e-01
6.83449984e+00	6.94330870e-01
6.83549976e+00	5.57478370e-01
6.83650017e+00	3.79694130e-01
6.83750010e+00	3.07502300e-01
6.83850002e+00	3.23932830e-01
6.83949995e+00	3.49437150e-01
6.84049988e+00	3.62472740e-01
6.84149981e+00	4.78792280e-01
6.84250021e+00	7.43671770e-01
6.84350014e+00	8.82539390e-01
6.84450006e+00	6.96719230e-01
6.84549999e+00	5.24818720e-01
6.84649992e+00	5.93805790e-01
6.84749985e+00	6.34550750e-01
6.84849977e+00	5.67603530e-01
6.84950018e+00	5.60700060e-01
6.85050011e+00	5.29967610e-01
6.85150003e+00	4.99029400e-01
6.85249996e+00	6.43842100e-01
6.85349989e+00	6.88583490e-01
6.85449982e+00	6.68053510e-01
6.85550022e+00	6.74665270e-01
6.85650015e+00	6.38529000e-01
6.85750008e+00	6.01677480e-01
6.85850000e+00	6.46066960e-01
6.85949993e+00	7.65560690e-01
6.86049986e+00	7.45525840e-01
6.86149979e+00	6.47014680e-01
6.86250019e+00	5.70547940e-01
6.86350012e+00	3.67144260e-01
6.86450005e+00	2.41825710e-01
6.86549997e+00	3.17246820e-01
6.86649990e+00	3.64881250e-01
6.86749983e+00	3.49326370e-01
6.86850023e+00	3.87654870e-01
6.86950016e+00	4.50116840e-01
6.87050009e+00	4.45466280e-01
6.87150002e+00	5.04109740e-01
6.87249994e+00	5.98975780e-01
6.87349987e+00	6.56790440e-01
6.87449980e+00	7.10081820e-01
6.87550020e+00	7.32831950e-01
6.87650013e+00	5.58937970e-01
6.87750006e+00	4.07169520e-01
6.87849998e+00	3.90527640e-01
6.87949991e+00	3.19689010e-01
6.88049984e+00	2.95233820e-01
6.88149977e+00	3.68757550e-01
6.88250017e+00	4.19442500e-01
6.88350010e+00	4.55846850e-01
6.88450003e+00	5.93545080e-01
6.88549995e+00	7.08145440e-01
6.88649988e+00	7.26515050e-01
6.88749981e+00	6.80894200e-01
6.88850021e+00	6.50799390e-01
6.88950014e+00	7.86618050e-01
6.89050007e+00	9.11587770e-01
6.89150000e+00	9.43794130e-01
6.89249992e+00	9.40186020e-01
6.89349985e+00	8.87242790e-01
6.89449978e+00	7.81557080e-01
6.89550018e+00	6.45061020e-01
6.89650011e+00	4.96901180e-01
6.89750004e+00	3.63110070e-01
6.89849997e+00	3.00542800e-01
6.89949989e+00	3.60699210e-01
6.90049982e+00	6.09097840e-01
6.90150023e+00	7.89274570e-01
6.90250015e+00	7.01728050e-01
6.90350008e+00	4.42373780e-01
6.90450001e+00	3.35668590e-01
6.90549994e+00	3.24653740e-01
6.90649986e+00	3.88625260e-01
6.90749979e+00	5.29767390e-01
6.90850019e+00	7.19183680e-01
6.90950012e+00	8.72654910e-01
6.91050005e+00	9.77240560e-01
6.91149998e+00	9.94681480e-01
6.91249990e+00	9.78062090e-01
6.91349983e+00	9.61887840e-01
6.91450024e+00	8.24781890e-01
6.91550016e+00	7.35582950e-01
6.91650009e+00	1.05726440e+00
6.91750002e+00	1.24839010e+00
6.91849995e+00	1.24462350e+00
6.91949987e+00	1.35019160e+00
6.92049980e+00	1.31323580e+00
6.92150021e+00	1.02178760e+00
6.92250013e+00	6.26733840e-01
6.92350006e+00	4.14094030e-01
6.92449999e+00	3.85465950e-01
6.92549992e+00	3.60719590e-01
6.92649984e+00	3.63114120e-01
6.92749977e+00	4.25983160e-01
6.92850018e+00	5.02869490e-01
6.92950010e+00	6.51791450e-01
6.93050003e+00	8.84833400e-01
6.93149996e+00	9.73320420e-01
6.93249989e+00	8.62830820e-01
6.93349981e+00	7.39553750e-01
6.93450022e+00	6.87185350e-01
6.93550014e+00	5.38514850e-01
6.93650007e+00	4.10240740e-01
6.93750000e+00	3.93748610e-01
6.93849993e+00	5.70737360e-01
6.93949986e+00	7.82428980e-01
6.94049978e+00	6.45149050e-01
6.94150019e+00	3.72497200e-01
6.94250011e+00	3.64850520e-01
6.94350004e+00	4.69583030e-01
6.94449997e+00	5.72390910e-01
6.94549990e+00	5.41541990e-01
6.94649982e+00	4.50563400e-01
6.94750023e+00	4.50212930e-01
6.94850016e+00	6.58923860e-01
6.94950008e+00	1.04835700e+00
6.95050001e+00	1.28187540e+00
6.95149994e+00	1.23487020e+00
6.95249987e+00	1.13748980e+00
6.95349979e+00	1.08427820e+00
6.95450020e+00	1.11844720e+00
6.95550013e+00	1.12562300e+00
6.95650005e+00	8.92387030e-01
6.95749998e+00	5.73747580e-01
6.95849991e+00	5.77832820e-01
6.95949984e+00	6.17952640e-01
6.96049976e+00	4.87534520e-01
6.96150017e+00	4.65668140e-01
6.96250010e+00	5.41474100e-01
6.96350002e+00	5.48567410e-01
6.96449995e+00	4.90122020e-01
6.96549988e+00	5.55006920e-01
6.96649981e+00	6.79829900e-01
6.96750021e+00	6.70311630e-01
6.96850014e+00	5.25547920e-01
6.96950006e+00	4.43071960e-01
6.97049999e+00	5.37460330e-01
6.97149992e+00	6.98917870e-01
6.97249985e+00	6.39970000e-01
6.97349977e+00	4.77075670e-01
6.97450018e+00	4.03704610e-01
6.97550011e+00	3.92947320e-01
6.97650003e+00	6.22766610e-01
6.97749996e+00	7.70956280e-01
6.97849989e+00	6.40607180e-01
6.97949982e+00	6.53960760e-01
6.98050022e+00	8.27483300e-01
6.98150015e+00	1.09163070e+00
6.98250008e+00	1.30857440e+00
6.98350000e+00	1.36261480e+00
6.98449993e+00	1.21208370e+00
6.98549986e+00	8.31426860e-01
6.98649979e+00	5.76532360e-01
6.98750019e+00	9.62775770e-01
6.98850012e+00	1.57642980e+00
6.98950005e+00	1.63789650e+00
6.99049997e+00	1.39027430e+00
6.99149990e+00	1.54790270e+00
6.99249983e+00	1.98768270e+00
6.99350023e+00	2.15376160e+00
6.99450016e+00	2.08380600e+00
6.99550009e+00	1.55279060e+00
6.99650002e+00	9.18132780e-01
6.99749994e+00	6.26468360e-01
6.99849987e+00	5.84387360e-01
6.99949980e+00	9.21578230e-01
7.00050020e+00	1.53141160e+00
7.00150013e+00	1.79529430e+00
7.00250006e+00	1.57408620e+00
7.00349998e+00	1.10635150e+00
7.00449991e+00	5.94730730e-01
7.00549984e+00	4.09132900e-01
7.00649977e+00	5.05392550e-01
7.00750017e+00	7.23040100e-01
7.00850010e+00	7.41716500e-01
7.00950003e+00	7.39562750e-01
7.01049995e+00	7.26563270e-01
7.01149988e+00	5.79785110e-01
7.01249981e+00	5.91552560e-01
7.01350021e+00	7.22772780e-01
7.01450014e+00	6.30959210e-01
7.01550007e+00	5.28191980e-01
7.01650000e+00	6.84661090e-01
7.01749992e+00	9.01231290e-01
7.01849985e+00	9.16936280e-01
7.01949978e+00	7.27862240e-01
7.02050018e+00	4.85777380e-01
7.02150011e+00	3.68524550e-01
7.02250004e+00	3.54521130e-01
7.02349997e+00	3.55154190e-01
7.02449989e+00	3.66249740e-01
7.02549982e+00	3.40167110e-01
7.02650023e+00	2.35462410e-01
7.02750015e+00	2.54245310e-01
7.02850008e+00	2.94517310e-01
7.02950001e+00	5.14605580e-01
7.03049994e+00	8.51262570e-01
7.03149986e+00	1.11240030e+00
7.03249979e+00	1.40259180e+00
7.03350019e+00	1.60982320e+00
7.03450012e+00	1.36792360e+00
7.03550005e+00	8.28137640e-01
7.03649998e+00	5.85484680e-01
7.03749990e+00	6.89977880e-01
7.03849983e+00	9.57076970e-01
7.03950024e+00	1.20727800e+00
7.04050016e+00	1.63648280e+00
7.04150009e+00	2.19566920e+00
7.04250002e+00	2.39568380e+00
7.04349995e+00	2.32202720e+00
7.04449987e+00	1.98527480e+00
7.04549980e+00	1.22709270e+00
7.04650021e+00	7.18670490e-01
7.04750013e+00	7.17221740e-01
7.04850006e+00	8.23195160e-01
7.04949999e+00	8.11530950e-01
7.05049992e+00	8.26025610e-01
7.05149984e+00	1.16320720e+00
7.05249977e+00	1.61483110e+00
7.05350018e+00	1.65051230e+00
7.05450010e+00	1.27928840e+00
7.05550003e+00	7.86073510e-01
7.05649996e+00	4.88636050e-01
7.05749989e+00	3.74907340e-01
7.05849981e+00	3.25600890e-01
7.05950022e+00	3.98756920e-01
7.06050014e+00	4.97621660e-01
7.06150007e+00	6.74321590e-01
7.06250000e+00	1.15422830e+00
7.06349993e+00	1.61003360e+00
7.06449986e+00	1.60291760e+00
7.06549978e+00	1.35136870e+00
7.06650019e+00	1.07365540e+00
7.06750011e+00	1.07973680e+00
7.06850004e+00	1.63613900e+00
7.06949997e+00	2.07312750e+00
7.07049990e+00	2.17727570e+00
7.07149982e+00	2.10656860e+00
7.07250023e+00	1.80242360e+00
7.07350016e+00	1.14685330e+00
7.07450008e+00	5.57044270e-01
7.07550001e+00	3.50727080e-01
7.07649994e+00	3.54014190e-01
7.07749987e+00	3.82790800e-01
7.07849979e+00	3.67219600e-01
7.07950020e+00	4.37930730e-01
7.08050013e+00	5.91090740e-01
7.08150005e+00	5.77788290e-01
7.08249998e+00	4.93488940e-01
7.08349991e+00	6.37233610e-01
7.08449984e+00	7.99342870e-01
7.08549976e+00	7.59978120e-01
7.08650017e+00	6.19102720e-01
7.08750010e+00	4.29884430e-01
7.08850002e+00	3.59420420e-01
7.08949995e+00	3.33533440e-01
7.09049988e+00	3.40874790e-01
7.09149981e+00	3.18464220e-01
7.09250021e+00	3.09707110e-01
7.09350014e+00	5.35542730e-01
7.09450006e+00	8.12426510e-01
7.09549999e+00	7.73188530e-01
7.09649992e+00	6.11579660e-01
7.09749985e+00	8.30266590e-01
7.09849977e+00	1.39744810e+00
7.09950018e+00	1.79762690e+00
7.10050011e+00	1.95717940e+00
7.10150003e+00	1.78760430e+00
7.10249996e+00	1.21445270e+00
7.10349989e+00	6.43474400e-01
7.10449982e+00	4.86907870e-01
7.10550022e+00	7.27422650e-01
7.10650015e+00	1.30753430e+00
7.10750008e+00	1.83427240e+00
7.10850000e+00	2.03637980e+00
7.10949993e+00	2.26770760e+00
7.11049986e+00	2.43807010e+00
7.11149979e+00	2.30947470e+00
7.11250019e+00	1.80545890e+00
7.11350012e+00	1.40942100e+00
7.11450005e+00	1.47150750e+00
7.11549997e+00	1.35140510e+00
7.11649990e+00	8.37875720e-01
7.11749983e+00	5.17057000e-01
7.11850023e+00	5.10238050e-01
7.11950016e+00	4.61714860e-01
7.12050009e+00	3.96809730e-01
7.12150002e+00	5.63939630e-01
7.12249994e+00	1.05600320e+00
7.12349987e+00	1.56420160e+00
7.12449980e+00	1.90554230e+00
7.12550020e+00	2.06824210e+00
7.12650013e+00	2.30791570e+00
7.12750006e+00	2.70653460e+00
7.12849998e+00	2.73710920e+00
7.12949991e+00	2.51319360e+00
7.13049984e+00	2.44547390e+00
7.13149977e+00	2.28172350e+00
7.13250017e+00	1.59663840e+00
7.13350010e+00	8.45024050e-01
7.13450003e+00	5.10305640e-01
7.13549995e+00	5.74685450e-01
7.13649988e+00	1.17306170e+00
7.13749981e+00	2.03887200e+00
7.13850021e+00	2.57839970e+00
7.13950014e+00	2.61753440e+00
7.14050007e+00	2.46789600e+00
7.14150000e+00	2.00172040e+00
7.14249992e+00	1.16090600e+00
7.14349985e+00	7.30172100e-01
7.14449978e+00	8.64301800e-01
7.14550018e+00	9.13858950e-01
7.14650011e+00	6.36090160e-01
7.14750004e+00	5.68031250e-01
7.14849997e+00	8.71451850e-01
7.14949989e+00	1.03471930e+00
7.15049982e+00	8.06649330e-01
7.15150023e+00	5.19177560e-01
7.15250015e+00	4.04068800e-01
7.15350008e+00	3.89601320e-01
7.15450001e+00	3.64874010e-01
7.15549994e+00	3.61229540e-01
7.15649986e+00	3.53014650e-01
7.15749979e+00	4.01640210e-01
7.15850019e+00	4.83897270e-01
7.15950012e+00	3.92538820e-01
7.16050005e+00	3.50996200e-01
7.16149998e+00	4.36105010e-01
7.16249990e+00	4.26787970e-01
7.16349983e+00	3.89225130e-01
7.16450024e+00	3.73039450e-01
7.16550016e+00	3.87617950e-01
7.16650009e+00	5.54410580e-01
7.16750002e+00	9.23591610e-01
7.16849995e+00	1.37667370e+00
7.16949987e+00	1.80613200e+00
7.17049980e+00	2.01497960e+00
7.17150021e+00	1.91868710e+00
7.17250013e+00	1.88934540e+00
7.17350006e+00	2.08925370e+00
7.17449999e+00	2.39157010e+00
7.17549992e+00	2.70461200e+00
7.17649984e+00	2.85203100e+00
7.17749977e+00	2.67886380e+00
7.17850018e+00	2.12707570e+00
7.17950010e+00	1.78119700e+00
7.18050003e+00	2.20957090e+00
7.18149996e+00	2.70472570e+00
7.18249989e+00	2.69022490e+00
7.18349981e+00	2.60294700e+00
7.18450022e+00	2.60935900e+00
7.18550014e+00	2.57617310e+00
7.18650007e+00	2.66928220e+00
7.18750000e+00	2.49410630e+00
7.18849993e+00	2.19860030e+00
7.18949986e+00	2.22400500e+00
7.19049978e+00	2.16736080e+00
7.19150019e+00	1.93979050e+00
7.19250011e+00	1.88561220e+00
7.19350004e+00	1.61641010e+00
7.19449997e+00	9.26766870e-01
7.19549990e+00	5.43397250e-01
7.19649982e+00	4.87940220e-01
7.19750023e+00	5.18763420e-01
7.19850016e+00	6.29795370e-01
7.19950008e+00	1.03415830e+00
7.20050001e+00	1.47956500e+00
7.20149994e+00	1.51168950e+00
7.20249987e+00	1.25722010e+00
7.20349979e+00	8.72912940e-01
7.20450020e+00	5.87485070e-01
7.20550013e+00	4.18148820e-01
7.20650005e+00	4.28119540e-01
7.20749998e+00	3.89789730e-01
7.20849991e+00	4.34462250e-01
7.20949984e+00	4.63745560e-01
7.21049976e+00	4.08437130e-01
7.21150017e+00	4.15353570e-01
7.21250010e+00	5.30158760e-01
7.21350002e+00	4.50643900e-01
7.21449995e+00	4.38677700e-01
7.21549988e+00	6.69985650e-01
7.21649981e+00	8.75662450e-01
7.21750021e+00	9.35651120e-01
7.21850014e+00	9.63278950e-01
7.21950006e+00	9.08152640e-01
7.22049999e+00	8.40759100e-01
7.22149992e+00	9.05802190e-01
7.22249985e+00	9.11136030e-01
7.22349977e+00	6.86290090e-01
7.22450018e+00	4.08599850e-01
7.22550011e+00	2.71083470e-01
7.22650003e+00	2.24938910e-01
7.22749996e+00	2.54858820e-01
7.22849989e+00	2.86772700e-01
7.22949982e+00	4.78834300e-01
7.23050022e+00	6.63790350e-01
7.23150015e+00	3.65771950e-01
7.23250008e+00	2.09923520e-01
7.23350000e+00	3.59073160e-01
7.23449993e+00	5.39413030e-01
7.23549986e+00	6.86029550e-01
7.23649979e+00	7.79683710e-01
7.23750019e+00	7.30968650e-01
7.23850012e+00	6.23541530e-01
7.23950005e+00	6.09096290e-01
7.24049997e+00	6.62059900e-01
7.24149990e+00	7.87422360e-01
7.24249983e+00	8.51703230e-01
7.24350023e+00	7.51479740e-01
7.24450016e+00	6.26934650e-01
7.24550009e+00	5.95190470e-01
7.24650002e+00	6.32245060e-01
7.24749994e+00	6.06511000e-01
7.24849987e+00	5.29614150e-01
7.24949980e+00	5.24572910e-01
7.25050020e+00	6.13278390e-01
7.25150013e+00	6.30469620e-01
7.25250006e+00	6.12409060e-01
7.25349998e+00	5.83070580e-01
7.25449991e+00	5.57873370e-01
7.25549984e+00	6.51250300e-01
7.25649977e+00	6.18285180e-01
7.25750017e+00	5.19964640e-01
7.25850010e+00	5.02143860e-01
7.25950003e+00	3.11856150e-01
7.26049995e+00	3.01753700e-01
7.26149988e+00	4.30892620e-01
7.26249981e+00	5.51577930e-01
7.26350021e+00	4.91811600e-01
7.26450014e+00	2.49408980e-01
7.26550007e+00	2.18286890e-01
7.26650000e+00	2.46122290e-01
7.26749992e+00	2.62699280e-01
7.26849985e+00	3.28204360e-01
7.26949978e+00	5.86264430e-01
7.27050018e+00	6.36196970e-01
7.27150011e+00	4.06971160e-01
7.27250004e+00	3.45279160e-01
7.27349997e+00	3.57164380e-01
7.27449989e+00	3.45855090e-01
7.27549982e+00	3.27404410e-01
7.27650023e+00	3.75919100e-01
7.27750015e+00	4.43610340e-01
7.27850008e+00	4.29264040e-01
7.27950001e+00	4.16696820e-01
7.28049994e+00	4.12125500e-01
7.28149986e+00	6.88819770e-01
7.28249979e+00	1.10060320e+00
7.28350019e+00	8.97829120e-01
7.28450012e+00	5.81711050e-01
7.28550005e+00	3.36695400e-01
7.28649998e+00	2.81313180e-01
7.28749990e+00	2.75495890e-01
7.28849983e+00	2.55684200e-01
7.28950024e+00	2.32967660e-01
7.29050016e+00	2.35838470e-01
7.29150009e+00	2.42841230e-01
7.29250002e+00	2.42645710e-01
7.29349995e+00	3.94607450e-01
7.29449987e+00	6.55214250e-01
7.29549980e+00	6.40032410e-01
7.29650021e+00	3.06794910e-01
7.29750013e+00	1.67038590e-01
7.29850006e+00	1.54157820e-01
7.29949999e+00	2.15891760e-01
7.30049992e+00	5.29139340e-01
7.30149984e+00	7.71946730e-01
7.30249977e+00	5.67447960e-01
7.30350018e+00	4.21531830e-01
7.30450010e+00	6.40359820e-01
7.30550003e+00	8.76852270e-01
7.30649996e+00	1.11152180e+00
7.30749989e+00	1.26864470e+00
7.30849981e+00	1.28155760e+00
7.30950022e+00	9.34972580e-01
7.31050014e+00	5.16406950e-01
7.31150007e+00	3.20524960e-01
7.31250000e+00	1.30569250e-01
7.31349993e+00	9.34078400e-02
7.31449986e+00	1.05868160e-01
7.31549978e+00	1.39713450e-01
7.31650019e+00	2.05002190e-01
7.31750011e+00	2.61433040e-01
7.31850004e+00	5.21643340e-01
7.31949997e+00	1.21192820e+00
7.32049990e+00	1.44375420e+00
7.32149982e+00	8.04960850e-01
7.32250023e+00	2.48082820e-01
7.32350016e+00	1.95425730e-01
7.32450008e+00	4.89464190e-01
7.32550001e+00	6.74844320e-01
7.32649994e+00	3.92114580e-01
7.32749987e+00	4.68923720e-01
7.32849979e+00	9.50089340e-01
7.32950020e+00	1.33018770e+00
7.33050013e+00	1.22964300e+00
7.33150005e+00	6.33955600e-01
7.33249998e+00	2.88633790e-01
7.33349991e+00	2.28136850e-01
7.33449984e+00	7.07750260e-01
7.33549976e+00	1.76615680e+00
7.33650017e+00	1.52533920e+00
7.33750010e+00	4.99174180e-01
7.33850002e+00	1.79481160e-01
7.33949995e+00	2.00529990e-01
7.34049988e+00	2.33165470e-01
7.34149981e+00	1.96192880e-01
7.34250021e+00	2.08522600e-01
7.34350014e+00	3.46142980e-01
7.34450006e+00	6.61514220e-01
7.34549999e+00	1.38184200e+00
7.34649992e+00	1.51193270e+00
7.34749985e+00	8.72264090e-01
7.34849977e+00	8.13578840e-01
7.34950018e+00	1.31722000e+00
7.35050011e+00	1.06890740e+00
7.35150003e+00	1.18463270e+00
7.35249996e+00	1.77010320e+00
7.35349989e+00	1.75660190e+00
7.35449982e+00	1.09445570e+00
7.35550022e+00	4.77989610e-01
7.35650015e+00	3.27754590e-01
7.35750008e+00	3.30632840e-01
7.35850000e+00	2.86911220e-01
7.35949993e+00	2.88601160e-01
7.36049986e+00	3.59939250e-01
7.36149979e+00	8.73711050e-01
7.36250019e+00	2.08699300e+00
7.36350012e+00	2.14730830e+00
7.36450005e+00	1.01116820e+00
7.36549997e+00	4.36412250e-01
7.36649990e+00	2.85641430e-01
7.36749983e+00	2.56915180e-01
7.36850023e+00	3.84430560e-01
7.36950016e+00	5.87004600e-01
7.37050009e+00	1.21797160e+00
7.37150002e+00	2.20977690e+00
7.37249994e+00	1.98799600e+00
7.37349987e+00	1.79918230e+00
7.37449980e+00	2.07319190e+00
7.37550020e+00	1.84986790e+00
7.37650013e+00	2.48498610e+00
7.37750006e+00	3.10867330e+00
7.37849998e+00	2.51947780e+00
7.37949991e+00	1.23644260e+00
7.38049984e+00	5.43031450e-01
7.38149977e+00	3.97070170e-01
7.38250017e+00	3.79466860e-01
7.38350010e+00	4.57570080e-01
7.38450003e+00	6.51326720e-01
7.38549995e+00	5.20581130e-01
7.38649988e+00	3.43118340e-01
7.38749981e+00	4.27629710e-01
7.38850021e+00	1.00590220e+00
7.38950014e+00	2.46786640e+00
7.39050007e+00	3.42919090e+00
7.39150000e+00	2.24024460e+00
7.39249992e+00	8.77383050e-01
7.39349985e+00	4.97222510e-01
7.39449978e+00	5.56484520e-01
7.39550018e+00	7.78251350e-01
7.39650011e+00	1.54042120e+00
7.39750004e+00	2.30298110e+00
7.39849997e+00	2.12003470e+00
7.39949989e+00	2.41393020e+00
7.40049982e+00	2.63392690e+00
7.40150023e+00	2.97942570e+00
7.40250015e+00	2.86431190e+00
7.40350008e+00	1.56202350e+00
7.40450001e+00	7.10822700e-01
7.40549994e+00	3.55095030e-01
7.40649986e+00	2.20776530e-01
7.40749979e+00	2.07475350e-01
7.40850019e+00	2.42572840e-01
7.40950012e+00	3.02428070e-01
7.41050005e+00	3.82856700e-01
7.41149998e+00	5.55908620e-01
7.41249990e+00	4.73125700e-01
7.41349983e+00	2.92016090e-01
7.41450024e+00	3.12758180e-01
7.41550016e+00	5.21702050e-01
7.41650009e+00	1.21373310e+00
7.41750002e+00	2.69771960e+00
7.41849995e+00	3.73055530e+00
7.41949987e+00	2.94353410e+00
7.42049980e+00	1.80948710e+00
7.42150021e+00	1.45449880e+00
7.42250013e+00	2.32744720e+00
7.42350006e+00	3.47042700e+00
7.42449999e+00	3.69929480e+00
7.42549992e+00	3.91917040e+00
7.42649984e+00	3.81050920e+00
7.42749977e+00	3.30570840e+00
7.42850018e+00	2.14044790e+00
7.42950010e+00	1.00402680e+00
7.43050003e+00	5.02707960e-01
7.43149996e+00	4.46481380e-01
7.43249989e+00	6.79932360e-01
7.43349981e+00	7.09852100e-01
7.43450022e+00	5.06113710e-01
7.43550014e+00	3.61113430e-01
7.43650007e+00	3.60153940e-01
7.43750000e+00	4.46168450e-01
7.43849993e+00	9.10051580e-01
7.43949986e+00	1.23173210e+00
7.44049978e+00	1.00170580e+00
7.44150019e+00	9.32418230e-01
7.44250011e+00	1.10173010e+00
7.44350004e+00	1.11548520e+00
7.44449997e+00	1.78519300e+00
7.44549990e+00	3.18088130e+00
7.44649982e+00	4.38980150e+00
7.44750023e+00	4.52388950e+00
7.44850016e+00	3.65314320e+00
7.44950008e+00	2.57449030e+00
7.45050001e+00	2.69473340e+00
7.45149994e+00	3.81924390e+00
7.45249987e+00	4.67506310e+00
7.45349979e+00	4.45115330e+00
7.45450020e+00	3.04994680e+00
7.45550013e+00	1.59891500e+00
7.45650005e+00	8.92182710e-01
7.45749998e+00	6.28205060e-01
7.45849991e+00	5.88796020e-01
7.45949984e+00	7.70610330e-01
7.46049976e+00	9.70434490e-01
7.46150017e+00	9.89320580e-01
7.46250010e+00	7.06200420e-01
7.46350002e+00	6.63421330e-01
7.46449995e+00	5.03114100e-01
7.46549988e+00	4.67203920e-01
7.46649981e+00	8.44877300e-01
7.46750021e+00	9.80317830e-01
7.46850014e+00	7.64949380e-01
7.46950006e+00	9.98732150e-01
7.47049999e+00	1.27538630e+00
7.47149992e+00	1.31145800e+00
7.47249985e+00	1.61373290e+00
7.47349977e+00	2.53813240e+00
7.47450018e+00	3.95542240e+00
7.47550011e+00	4.61759280e+00
7.47650003e+00	4.08042960e+00
7.47749996e+00	3.15521050e+00
7.47849989e+00	3.66092630e+00
7.47949982e+00	4.32179500e+00
7.48050022e+00	3.28266020e+00
7.48150015e+00	2.12555220e+00
7.48250008e+00	1.34743800e+00
7.48350000e+00	7.41176190e-01
7.48449993e+00	5.48223500e-01
7.48549986e+00	4.79498120e-01
7.48649979e+00	5.05098760e-01
7.48750019e+00	8.23530320e-01
7.48850012e+00	8.27121970e-01
7.48950005e+00	5.64902660e-01
7.49049997e+00	6.16530840e-01
7.49149990e+00	6.23326840e-01
7.49249983e+00	4.68255430e-01
7.49350023e+00	6.64547320e-01
7.49450016e+00	1.37392710e+00
7.49550009e+00	1.81023900e+00
7.49650002e+00	1.50421040e+00
7.49749994e+00	9.62599100e-01
7.49849987e+00	8.69990710e-01
7.49949980e+00	1.31636570e+00
7.50050020e+00	2.05250790e+00
7.50150013e+00	2.82233000e+00
7.50250006e+00	3.86996630e+00
7.50349998e+00	5.00352290e+00
7.50449991e+00	5.26028010e+00
7.50549984e+00	4.74113130e+00
7.50649977e+00	4.43093730e+00
7.50750017e+00	3.90345030e+00
7.50850010e+00	2.64611320e+00
7.50950003e+00	1.57615800e+00
7.51049995e+00	1.02502100e+00
7.51149988e+00	1.02536320e+00
7.51249981e+00	9.59325370e-01
7.51350021e+00	5.95667900e-01
7.51450014e+00	4.37095550e-01
7.51550007e+00	4.24771340e-01
7.51650000e+00	4.30227310e-01
7.51749992e+00	3.78409980e-01
7.51849985e+00	4.08047530e-01
7.51949978e+00	5.66775920e-01
7.52050018e+00	5.59802650e-01
7.52150011e+00	5.57051540e-01
7.52250004e+00	9.87716790e-01
7.52349997e+00	1.44274070e+00
7.52449989e+00	1.34577990e+00
7.52549982e+00	9.09581720e-01
7.52650023e+00	9.51383770e-01
7.52750015e+00	1.53374510e+00
7.52850008e+00	1.45558140e+00
7.52950001e+00	1.17752540e+00
7.53049994e+00	1.52863610e+00
7.53149986e+00	2.41093660e+00
7.53249979e+00	3.70283370e+00
7.53350019e+00	5.03473330e+00
7.53450012e+00	5.48199270e+00
7.53550005e+00	4.96045020e+00
7.53649998e+00	3.51933650e+00
7.53749990e+00	2.16155080e+00
7.53849983e+00	1.38701180e+00
7.53950024e+00	9.83401060e-01
7.54050016e+00	7.53050920e-01
7.54150009e+00	6.23265740e-01
7.54250002e+00	5.84311010e-01
7.54349995e+00	5.25543690e-01
7.54449987e+00	4.25714020e-01
7.54549980e+00	3.66603400e-01
7.54650021e+00	3.99805400e-01
7.54750013e+00	5.45169060e-01
7.54850006e+00	5.13678010e-01
7.54949999e+00	4.48701950e-01
7.55049992e+00	7.19595430e-01
7.55149984e+00	1.46682240e+00
7.55249977e+00	1.99862850e+00
7.55350018e+00	1.70569750e+00
7.55450010e+00	1.36349060e+00
7.55550003e+00	1.46402970e+00
7.55649996e+00	9.86225490e-01
7.55749989e+00	6.17656050e-01
7.55849981e+00	6.38361870e-01
7.55950022e+00	8.09766530e-01
7.56050014e+00	1.17267200e+00
7.56150007e+00	1.99344370e+00
7.56250000e+00	3.54511090e+00
7.56349993e+00	4.82035210e+00
7.56449986e+00	4.07128190e+00
7.56549978e+00	2.42931270e+00
7.56650019e+00	1.38144220e+00
7.56750011e+00	8.86120980e-01
7.56850004e+00	6.72710120e-01
7.56949997e+00	6.09017430e-01
7.57049990e+00	4.96867750e-01
7.57149982e+00	3.68492540e-01
7.57250023e+00	3.51026650e-01
7.57350016e+00	3.57888730e-01
7.57450008e+00	3.36623670e-01
7.57550001e+00	4.31045530e-01
7.57649994e+00	5.28413240e-01
7.57749987e+00	3.48056170e-01
7.57849979e+00	2.39860070e-01
7.57950020e+00	3.04187660e-01
7.58050013e+00	6.57827260e-01
7.58150005e+00	1.51596360e+00
7.58249998e+00	2.11655640e+00
7.58349991e+00	1.86778400e+00
7.58449984e+00	9.68787250e-01
7.58549976e+00	4.18627770e-01
7.58650017e+00	3.28094870e-01
7.58750010e+00	3.30564170e-01
7.58850002e+00	3.85155050e-01
7.58949995e+00	4.96963140e-01
7.59049988e+00	7.15319870e-01
7.59149981e+00	1.19675670e+00
7.59250021e+00	2.32080200e+00
7.59350014e+00	3.90790220e+00
7.59450006e+00	3.94381400e+00
7.59549999e+00	2.39827130e+00
7.59649992e+00	1.31625830e+00
7.59749985e+00	7.94603410e-01
7.59849977e+00	5.39419950e-01
7.59950018e+00	4.24753760e-01
7.60050011e+00	3.34242080e-01
7.60150003e+00	2.79346700e-01
7.60249996e+00	2.46612790e-01
7.60349989e+00	2.26212980e-01
7.60449982e+00	2.21222680e-01
7.60550022e+00	2.17126500e-01
7.60650015e+00	2.29039910e-01
7.60750008e+00	2.52375330e-01
7.60850000e+00	2.60468180e-01
7.60949993e+00	3.93049930e-01
7.61049986e+00	8.46701200e-01
7.61149979e+00	1.64440630e+00
7.61250019e+00	1.31147960e+00
7.61350012e+00	5.12869600e-01
7.61450005e+00	2.98071120e-01
7.61549997e+00	2.63872240e-01
7.61649990e+00	2.70009520e-01
7.61749983e+00	2.99257670e-01
7.61850023e+00	3.44964770e-01
7.61950016e+00	4.18993860e-01
7.62050009e+00	5.45518820e-01
7.62150002e+00	7.66492780e-01
7.62249994e+00	1.23501240e+00
7.62349987e+00	2.22957730e+00
7.62449980e+00	3.82125380e+00
7.62550020e+00	4.38186070e+00
7.62650013e+00	2.96616240e+00
7.62750006e+00	1.57267560e+00
7.62849998e+00	9.27349270e-01
7.62949991e+00	6.52391730e-01
7.63049984e+00	5.08780420e-01
7.63149977e+00	4.26656990e-01
7.63250017e+00	3.79882190e-01
7.63350010e+00	3.54027420e-01
7.63450003e+00	3.44188060e-01
7.63549995e+00	3.80376460e-01
7.63649988e+00	4.43266900e-01
7.63749981e+00	4.19483130e-01
7.63850021e+00	3.82626410e-01
7.63950014e+00	3.98786340e-01
7.64050007e+00	5.84667680e-01
7.64150000e+00	1.14434660e+00
7.64249992e+00	1.22858620e+00
7.64349985e+00	7.23722700e-01
7.64449978e+00	5.46839830e-01
7.64550018e+00	5.71620350e-01
7.64650011e+00	6.43201410e-01
7.64750004e+00	7.40043460e-01
7.64849997e+00	8.83271160e-01
7.64949989e+00	1.15906950e+00
