# wave (µm)	R (µW cm-2 sr-1 µm-1)
5.66050005e+00	3.62826210e-02
5.66149998e+00	2.33390670e-02
5.66249990e+00	2.62717140e-02
5.66349983e+00	2.62058620e-02
5.66450024e+00	2.61871480e-02
5.66550016e+00	3.15432140e-02
5.66650009e+00	2.18676550e-02
5.66750002e+00	1.91023760e-02
5.66849995e+00	2.78104250e-02
5.66949987e+00	3.11276760e-02
5.67049980e+00	2.65880000e-02
5.67150021e+00	3.16239820e-02
5.67250013e+00	5.50959930e-02
5.67350006e+00	8.68788060e-02
5.67449999e+00	1.01014290e-01
5.67549992e+00	9.57188530e-02
5.67649984e+00	7.98082950e-02
5.67749977e+00	5.84973470e-02
5.67850018e+00	3.21969580e-02
5.67950010e+00	1.62582270e-02
5.68050003e+00	1.84466390e-02
5.68149996e+00	1.95453780e-02
5.68249989e+00	1.23755750e-02
5.68349981e+00	1.43961440e-02
5.68450022e+00	2.94725670e-02
5.68550014e+00	4.11908370e-02
5.68650007e+00	3.62723540e-02
5.68750000e+00	2.56772080e-02
5.68849993e+00	2.29427140e-02
5.68949986e+00	4.19276690e-02
5.69049978e+00	7.03563240e-02
5.69150019e+00	8.61333460e-02
5.69250011e+00	9.27269460e-02
5.69350004e+00	8.92364230e-02
5.69449997e+00	7.01764080e-02
5.69549990e+00	5.51906560e-02
5.69649982e+00	4.31469720e-02
5.69750023e+00	2.28650640e-02
5.69850016e+00	2.66390980e-02
5.69950008e+00	5.45195010e-02
5.70050001e+00	8.45999050e-02
5.70149994e+00	1.05526830e-01
5.70249987e+00	1.13430840e-01
5.70349979e+00	1.10427630e-01
5.70450020e+00	9.71564200e-02
5.70550013e+00	7.59606810e-02
5.70650005e+00	5.04781490e-02
5.70749998e+00	2.55263580e-02
5.70849991e+00	1.56874430e-02
5.70949984e+00	1.90108420e-02
5.71049976e+00	1.60996210e-02
5.71150017e+00	2.31731870e-02
5.71250010e+00	3.99296170e-02
5.71350002e+00	4.57666440e-02
5.71449995e+00	6.40826370e-02
5.71549988e+00	8.94747900e-02
5.71649981e+00	9.89309250e-02
5.71750021e+00	9.17678400e-02
5.71850014e+00	7.04080160e-02
5.71950006e+00	4.11626990e-02
5.72049999e+00	2.28478180e-02
5.72149992e+00	2.95904470e-02
5.72249985e+00	3.83156310e-02
5.72349977e+00	5.25032620e-02
5.72450018e+00	5.28048350e-02
5.72550011e+00	3.67386380e-02
5.72650003e+00	4.22956870e-02
5.72749996e+00	4.28768210e-02
5.72849989e+00	3.14034110e-02
5.72949982e+00	2.49405060e-02
5.73050022e+00	1.38076320e-02
5.73150015e+00	1.06095630e-02
5.73250008e+00	1.87147560e-02
5.73350000e+00	2.66580510e-02
5.73449993e+00	2.23595760e-02
5.73549986e+00	2.64423020e-02
5.73649979e+00	2.80687830e-02
5.73750019e+00	2.67676560e-02
5.73850012e+00	2.57970580e-02
5.73950005e+00	2.82827650e-02
5.74049997e+00	4.04057200e-02
5.74149990e+00	3.46470740e-02
5.74249983e+00	2.44863500e-02
5.74350023e+00	2.93899790e-02
5.74450016e+00	2.44041660e-02
5.74550009e+00	1.57725830e-02
5.74650002e+00	1.37970850e-02
5.74749994e+00	1.36114290e-02
5.74849987e+00	1.16687120e-02
5.74949980e+00	9.46393800e-03
5.75050020e+00	1.01552850e-02
5.75150013e+00	1.37366950e-02
5.75250006e+00	1.68357230e-02
5.75349998e+00	1.40801100e-02
5.75449991e+00	1.70255680e-02
5.75549984e+00	1.57284310e-02
5.75649977e+00	1.71163720e-02
5.75750017e+00	1.60288290e-02
5.75850010e+00	9.68418360e-03
5.75950003e+00	1.06990990e-02
5.76049995e+00	1.13913780e-02
5.76149988e+00	1.52987280e-02
5.76249981e+00	2.38459500e-02
5.76350021e+00	2.38031190e-02
5.76450014e+00	3.33215560e-02
5.76550007e+00	5.19421470e-02
5.76650000e+00	6.75990510e-02
5.76749992e+00	8.13859480e-02
5.76849985e+00	8.92270210e-02
5.76949978e+00	9.09853350e-02
5.77050018e+00	8.64228830e-02
5.77150011e+00	7.47618000e-02
5.77250004e+00	5.55752930e-02
5.77349997e+00	3.21886910e-02
5.77449989e+00	1.79828030e-02
5.77549982e+00	2.73406860e-02
5.77650023e+00	4.86633290e-02
5.77750015e+00	6.33151900e-02
5.77850008e+00	6.68649750e-02
5.77950001e+00	6.06250540e-02
5.78049994e+00	4.76251540e-02
5.78149986e+00	3.05432030e-02
5.78249979e+00	1.44321730e-02
5.78350019e+00	1.07721000e-02
5.78450012e+00	2.30508320e-02
5.78550005e+00	4.04035300e-02
5.78649998e+00	5.61226570e-02
5.78749990e+00	7.17498730e-02
5.78849983e+00	8.18660410e-02
5.78950024e+00	8.47823170e-02
5.79050016e+00	7.80009110e-02
5.79150009e+00	5.57627340e-02
5.79250002e+00	3.90340460e-02
5.79349995e+00	5.03601390e-02
5.79449987e+00	5.06994310e-02
5.79549980e+00	3.32042500e-02
5.79650021e+00	2.95956250e-02
5.79750013e+00	2.79229620e-02
5.79850006e+00	1.77597500e-02
5.79949999e+00	1.63294710e-02
5.80049992e+00	1.32025190e-02
5.80149984e+00	1.45701610e-02
5.80249977e+00	2.73071730e-02
5.80350018e+00	3.64978540e-02
5.80450010e+00	3.35710760e-02
5.80550003e+00	2.21260430e-02
5.80649996e+00	1.71437800e-02
5.80749989e+00	1.17301600e-02
5.80849981e+00	8.03598300e-03
5.80950022e+00	9.25929750e-03
5.81050014e+00	1.66324450e-02
5.81150007e+00	3.05246100e-02
5.81250000e+00	3.72929240e-02
5.81349993e+00	3.08099430e-02
5.81449986e+00	1.72540280e-02
5.81549978e+00	1.29570040e-02
5.81650019e+00	2.36730020e-02
5.81750011e+00	3.61857560e-02
5.81850004e+00	3.51588500e-02
5.81949997e+00	2.38945600e-02
5.82049990e+00	2.90263030e-02
5.82149982e+00	4.10284400e-02
5.82250023e+00	3.61490470e-02
5.82350016e+00	2.32064280e-02
5.82450008e+00	2.33166240e-02
5.82550001e+00	2.01627480e-02
5.82649994e+00	1.54725440e-02
5.82749987e+00	1.91008900e-02
5.82849979e+00	1.52166480e-02
5.82950020e+00	9.98881370e-03
5.83050013e+00	1.35174840e-02
5.83150005e+00	1.45095700e-02
5.83249998e+00	1.44387900e-02
5.83349991e+00	1.71441750e-02
5.83449984e+00	1.20888580e-02
5.83549976e+00	9.18240190e-03
5.83650017e+00	1.63426770e-02
5.83750010e+00	2.29448990e-02
5.83850002e+00	2.18552910e-02
5.83949995e+00	1.39728710e-02
5.84049988e+00	9.93502890e-03
5.84149981e+00	1.76549550e-02
5.84250021e+00	3.01261250e-02
5.84350014e+00	4.18250670e-02
5.84450006e+00	5.10621930e-02
5.84549999e+00	5.79442200e-02
5.84649992e+00	6.11405820e-02
5.84749985e+00	5.62514810e-02
5.84849977e+00	4.51444160e-02
5.84950018e+00	4.49371150e-02
5.85050011e+00	4.16359640e-02
5.85150003e+00	3.16111710e-02
5.85249996e+00	2.03828850e-02
5.85349989e+00	1.07497720e-02
5.85449982e+00	1.44035110e-02
5.85550022e+00	2.61241630e-02
5.85650015e+00	2.97249950e-02
5.85750008e+00	2.00873040e-02
5.85850000e+00	1.05044020e-02
5.85949993e+00	1.38158690e-02
5.86049986e+00	2.70215440e-02
5.86149979e+00	3.91310790e-02
5.86250019e+00	4.78194100e-02
5.86350012e+00	5.40342410e-02
5.86450005e+00	5.66035510e-02
5.86549997e+00	5.13643770e-02
5.86649990e+00	3.74271910e-02
5.86749983e+00	1.97966990e-02
5.86850023e+00	1.25485750e-02
5.86950016e+00	1.30512200e-02
5.87050009e+00	1.23609190e-02
5.87150002e+00	1.97132230e-02
5.87249994e+00	3.74314860e-02
5.87349987e+00	5.20903840e-02
5.87449980e+00	5.94980080e-02
5.87550020e+00	5.81111460e-02
5.87650013e+00	4.19041180e-02
5.87750006e+00	2.76456310e-02
5.87849998e+00	4.11512890e-02
5.87949991e+00	5.80876360e-02
5.88049984e+00	5.92868030e-02
5.88149977e+00	5.50787340e-02
5.88250017e+00	4.74111030e-02
5.88350010e+00	3.33393070e-02
5.88450003e+00	1.84402470e-02
5.88549995e+00	1.33908120e-02
5.88649988e+00	1.59230770e-02
5.88749981e+00	1.23288640e-02
5.88850021e+00	9.13373010e-03
5.88950014e+00	1.14956800e-02
5.89050007e+00	1.99050200e-02
5.89150000e+00	2.16793680e-02
5.89249992e+00	2.51229890e-02
5.89349985e+00	2.82757930e-02
5.89449978e+00	2.59481580e-02
5.89550018e+00	3.96715480e-02
5.89650011e+00	5.03097060e-02
5.89750004e+00	4.78616100e-02
5.89849997e+00	4.46731410e-02
5.89949989e+00	3.91528080e-02
5.90049982e+00	2.52246060e-02
5.90150023e+00	1.96174350e-02
5.90250015e+00	2.46898420e-02
5.90350008e+00	2.07197870e-02
5.90450001e+00	1.67424010e-02
5.90549994e+00	1.99255480e-02
5.90649986e+00	1.22052910e-02
5.90749979e+00	1.12151500e-02
5.90850019e+00	1.95617230e-02
5.90950012e+00	1.71559380e-02
5.91050005e+00	1.03636610e-02
5.91149998e+00	9.66334620e-03
5.91249990e+00	1.10251630e-02
5.91349983e+00	1.00604970e-02
5.91450024e+00	1.57306770e-02
5.91550016e+00	2.34485120e-02
5.91650009e+00	2.98666150e-02
5.91750002e+00	3.47948560e-02
5.91849995e+00	4.89923020e-02
5.91949987e+00	6.12035920e-02
5.92049980e+00	6.58864300e-02
5.92150021e+00	7.28976950e-02
5.92250013e+00	8.09069050e-02
5.92350006e+00	8.78228100e-02
5.92449999e+00	9.40173860e-02
5.92549992e+00	9.93908790e-02
5.92649984e+00	1.00075070e-01
5.92749977e+00	8.91666560e-02
5.92850018e+00	8.85373060e-02
5.92950010e+00	1.08594410e-01
5.93050003e+00	1.18170370e-01
5.93149996e+00	1.18672270e-01
5.93249989e+00	1.17106220e-01
5.93349981e+00	1.13002830e-01
5.93450022e+00	1.02750540e-01
5.93550014e+00	8.19699540e-02
5.93650007e+00	7.12922590e-02
5.93750000e+00	7.59289340e-02
5.93849993e+00	6.81561750e-02
5.93949986e+00	5.26334490e-02
5.94049978e+00	3.43726580e-02
5.94150019e+00	1.76476740e-02
5.94250011e+00	1.35366890e-02
5.94350004e+00	1.51693060e-02
5.94449997e+00	1.22984200e-02
5.94549990e+00	2.05066840e-02
5.94649982e+00	3.59528880e-02
5.94750023e+00	4.44485100e-02
5.94850016e+00	3.98359750e-02
5.94950008e+00	2.66632380e-02
5.95050001e+00	3.10097370e-02
5.95149994e+00	4.84442600e-02
5.95249987e+00	5.94925880e-02
5.95349979e+00	6.47376250e-02
5.95450020e+00	6.58129980e-02
5.95550013e+00	5.71783820e-02
5.95650005e+00	5.13144250e-02
5.95749998e+00	4.88629750e-02
5.95849991e+00	5.40510160e-02
5.95949984e+00	4.70682610e-02
5.96049976e+00	2.63964250e-02
5.96150017e+00	1.18961730e-02
5.96250010e+00	1.14021150e-02
5.96350002e+00	2.25239040e-02
5.96449995e+00	1.84570590e-02
5.96549988e+00	9.58019500e-03
5.96649981e+00	1.64130220e-02
5.96750021e+00	3.00321430e-02
5.96850014e+00	4.29558460e-02
5.96950006e+00	5.36657310e-02
5.97049999e+00	5.87336310e-02
5.97149992e+00	5.79852390e-02
5.97249985e+00	7.20474270e-02
5.97349977e+00	8.45644470e-02
5.97450018e+00	8.12969360e-02
5.97550011e+00	7.90964140e-02
5.97650003e+00	8.16914140e-02
5.97749996e+00	7.94795750e-02
5.97849989e+00	6.24427460e-02
5.97949982e+00	4.87883430e-02
5.98050022e+00	3.67428770e-02
5.98150015e+00	2.17690210e-02
5.98250008e+00	2.20013950e-02
5.98350000e+00	2.06985470e-02
5.98449993e+00	3.23685180e-02
5.98549986e+00	5.18531650e-02
5.98649979e+00	5.75255080e-02
5.98750019e+00	6.78856970e-02
5.98850012e+00	8.55982150e-02
5.98950005e+00	9.10904180e-02
5.99049997e+00	8.78733690e-02
5.99149990e+00	7.87330420e-02
5.99249983e+00	6.61008950e-02
5.99350023e+00	5.31574190e-02
5.99450016e+00	4.55252270e-02
5.99550009e+00	4.80550160e-02
5.99650002e+00	3.88721900e-02
5.99749994e+00	1.65532270e-02
5.99849987e+00	2.28183550e-02
5.99949980e+00	4.53586540e-02
6.00050020e+00	4.48082160e-02
6.00150013e+00	4.99792290e-02
6.00250006e+00	7.73895460e-02
6.00349998e+00	1.05193580e-01
6.00449991e+00	8.62155040e-02
6.00549984e+00	7.12375190e-02
6.00649977e+00	8.50120860e-02
6.00750017e+00	9.43036970e-02
6.00850010e+00	9.95647310e-02
6.00950003e+00	1.00606800e-01
6.01049995e+00	9.31644590e-02
6.01149988e+00	7.90699500e-02
6.01249981e+00	7.28778540e-02
6.01350021e+00	6.04365130e-02
6.01450014e+00	4.85876910e-02
6.01550007e+00	3.98984740e-02
6.01650000e+00	2.64121650e-02
6.01749992e+00	1.34235280e-02
6.01849985e+00	9.38271920e-03
6.01949978e+00	9.23607960e-03
6.02050018e+00	1.27312970e-02
6.02150011e+00	2.38694530e-02
6.02250004e+00	3.42210230e-02
6.02349997e+00	4.26252930e-02
6.02449989e+00	4.25781120e-02
6.02549982e+00	2.90517160e-02
6.02650023e+00	1.67980120e-02
6.02750015e+00	1.74537690e-02
6.02850008e+00	1.98028570e-02
6.02950001e+00	3.41428590e-02
6.03049994e+00	4.85030040e-02
6.03149986e+00	5.60653810e-02
6.03249979e+00	5.95632460e-02
6.03350019e+00	4.24546930e-02
6.03450012e+00	2.62424160e-02
6.03550005e+00	4.41608430e-02
6.03649998e+00	8.03789870e-02
6.03749990e+00	9.16809660e-02
6.03849983e+00	7.91649890e-02
6.03950024e+00	7.30613170e-02
6.04050016e+00	6.68816940e-02
6.04150009e+00	6.67259170e-02
6.04250002e+00	6.14775640e-02
6.04349995e+00	5.92343470e-02
6.04449987e+00	7.69208520e-02
6.04549980e+00	5.65225070e-02
6.04650021e+00	6.39576910e-02
6.04750013e+00	6.80406540e-02
6.04850006e+00	5.44226620e-02
6.04949999e+00	5.75229560e-02
6.05049992e+00	7.60701750e-02
6.05149984e+00	1.40607670e-01
6.05249977e+00	1.29082750e-01
6.05350018e+00	6.89181980e-02
6.05450010e+00	5.37681730e-02
6.05550003e+00	5.17946480e-02
6.05649996e+00	7.02637430e-02
6.05749989e+00	9.03111620e-02
6.05849981e+00	7.89164300e-02
6.05950022e+00	4.65830640e-02
6.06050014e+00	2.94812020e-02
6.06150007e+00	2.92927180e-02
6.06250000e+00	4.47918660e-02
6.06349993e+00	6.84905130e-02
6.06449986e+00	6.92574310e-02
6.06549978e+00	6.08180800e-02
6.06650019e+00	4.72456110e-02
6.06750011e+00	3.75780840e-02
6.06850004e+00	4.25792450e-02
6.06949997e+00	3.33390790e-02
6.07049990e+00	2.46475230e-02
6.07149982e+00	2.42322350e-02
6.07250023e+00	1.64311440e-02
6.07350016e+00	1.01590180e-02
6.07450008e+00	1.43575040e-02
6.07550001e+00	1.77375060e-02
6.07649994e+00	1.74656770e-02
6.07749987e+00	2.68501970e-02
6.07849979e+00	7.99452740e-02
6.07950020e+00	1.14532280e-01
6.08050013e+00	7.31060800e-02
6.08150005e+00	8.11930520e-02
6.08249998e+00	5.62344420e-02
6.08349991e+00	4.40380460e-02
6.08449984e+00	4.77095360e-02
6.08549976e+00	6.22029080e-02
6.08650017e+00	3.46612480e-02
6.08750010e+00	2.96076760e-02
6.08850002e+00	2.81464570e-02
6.08949995e+00	2.05435080e-02
6.09049988e+00	2.73712670e-02
6.09149981e+00	4.01149430e-02
6.09250021e+00	6.56258170e-02
6.09350014e+00	4.35579010e-02
6.09450006e+00	1.67358330e-02
6.09549999e+00	1.32731530e-02
6.09649992e+00	1.31802280e-02
6.09749985e+00	2.16155980e-02
6.09849977e+00	5.41601780e-02
6.09950018e+00	1.39679630e-01
6.10050011e+00	1.06801140e-01
6.10150003e+00	3.70666870e-02
6.10249996e+00	3.24714560e-02
6.10349989e+00	3.59288640e-02
6.10449982e+00	3.75481990e-02
6.10550022e+00	2.97994020e-02
6.10650015e+00	1.69346910e-02
6.10750008e+00	1.58249770e-02
6.10850000e+00	1.60318300e-02
6.10949993e+00	2.02780030e-02
6.11049986e+00	3.23011500e-02
6.11149979e+00	3.12861800e-02
6.11250019e+00	1.92190970e-02
6.11350012e+00	1.45927720e-02
6.11450005e+00	1.42688350e-02
6.11549997e+00	2.40614530e-02
6.11649990e+00	4.11719310e-02
6.11749983e+00	4.79240600e-02
6.11850023e+00	3.76159400e-02
6.11950016e+00	2.43993530e-02
6.12050009e+00	5.02146780e-02
6.12150002e+00	1.06833170e-01
6.12249994e+00	1.01078250e-01
6.12349987e+00	7.72284420e-02
6.12449980e+00	3.37538090e-02
6.12550020e+00	3.32087240e-02
6.12650013e+00	6.85047280e-02
6.12750006e+00	6.43581150e-02
6.12849998e+00	2.38529690e-02
6.12949991e+00	1.48221730e-02
6.13049984e+00	1.57504340e-02
6.13149977e+00	1.51450250e-02
6.13250017e+00	3.31554520e-02
6.13350010e+00	6.02218430e-02
6.13450003e+00	3.87265120e-02
6.13549995e+00	3.83698940e-02
6.13649988e+00	3.90964780e-02
6.13749981e+00	2.91177020e-02
6.13850021e+00	2.86271260e-02
6.13950014e+00	3.54992340e-02
6.14050007e+00	3.47742070e-02
6.14150000e+00	2.81830360e-02
6.14249992e+00	1.73252340e-02
6.14349985e+00	1.45401080e-02
6.14449978e+00	1.24390910e-02
6.14550018e+00	1.47691870e-02
6.14650011e+00	5.68181690e-02
6.14750004e+00	1.59064080e-01
6.14849997e+00	1.20764520e-01
6.14949989e+00	3.16744330e-02
6.15049982e+00	1.30683840e-02
6.15150023e+00	8.89891940e-03
6.15250015e+00	9.34144580e-03
6.15350008e+00	1.23678830e-02
6.15450001e+00	1.45082230e-02
6.15549994e+00	1.88538120e-02
6.15649986e+00	1.86920630e-02
6.15749979e+00	1.65607280e-02
6.15850019e+00	1.90142990e-02
6.15950012e+00	1.64169180e-02
6.16050005e+00	1.55938170e-02
6.16149998e+00	1.82728970e-02
6.16249990e+00	1.58033020e-02
6.16349983e+00	4.95075880e-02
6.16450024e+00	1.21857230e-01
6.16550016e+00	1.34279040e-01
6.16650009e+00	5.89025840e-02
6.16750002e+00	2.42578550e-02
6.16849995e+00	7.29059880e-02
6.16949987e+00	7.47808220e-02
6.17049980e+00	2.84091480e-02
6.17150021e+00	2.68105900e-02
6.17250013e+00	2.53548990e-02
6.17350006e+00	3.74739620e-02
6.17449999e+00	9.60611700e-02
6.17549992e+00	6.19746740e-02
6.17649984e+00	2.82449330e-02
6.17749977e+00	2.40429990e-02
6.17850018e+00	2.45806930e-02
6.17950010e+00	3.53115280e-02
6.18050003e+00	3.23542360e-02
6.18149996e+00	2.07377820e-02
6.18249989e+00	2.13247590e-02
6.18349981e+00	1.99170090e-02
6.18450022e+00	1.46266320e-02
6.18550014e+00	1.94332340e-02
6.18650007e+00	2.12116950e-02
6.18750000e+00	2.61001480e-02
6.18849993e+00	4.50753530e-02
6.18949986e+00	6.06100970e-02
6.19049978e+00	6.49962200e-02
6.19150019e+00	5.76983130e-02
6.19250011e+00	3.94642500e-02
6.19350004e+00	3.47294170e-02
6.19449997e+00	9.33519530e-02
6.19549990e+00	1.45797860e-01
6.19649982e+00	7.60368480e-02
6.19750023e+00	2.57150640e-02
6.19850016e+00	1.78357010e-02
6.19950008e+00	2.42604930e-02
6.20050001e+00	2.65230930e-02
6.20149994e+00	2.37173510e-02
6.20249987e+00	1.95195600e-02
6.20349979e+00	2.91541240e-02
6.20450020e+00	3.55777290e-02
6.20550013e+00	2.83662880e-02
6.20650005e+00	5.03048860e-02
6.20749998e+00	1.61435920e-01
6.20849991e+00	1.84027720e-01
6.20949984e+00	9.69098510e-02
6.21049976e+00	1.28024710e-01
6.21150017e+00	1.42003510e-01
6.21250010e+00	5.67639210e-02
6.21350002e+00	2.19322220e-02
6.21449995e+00	2.19527820e-02
6.21549988e+00	5.44682520e-02
6.21649981e+00	1.04953510e-01
6.21750021e+00	5.98303820e-02
6.21850014e+00	4.29331810e-02
6.21950006e+00	5.06366010e-02
6.22049999e+00	4.07049130e-02
6.22149992e+00	5.63601630e-02
6.22249985e+00	9.15443230e-02
6.22349977e+00	1.08157050e-01
6.22450018e+00	9.30660670e-02
6.22550011e+00	7.07238390e-02
6.22650003e+00	6.74127640e-02
6.22749996e+00	8.41567290e-02
6.22849989e+00	1.03123990e-01
6.22949982e+00	1.05016210e-01
6.23050022e+00	7.46336060e-02
6.23150015e+00	5.78282400e-02
6.23250008e+00	9.58814770e-02
6.23350000e+00	1.42608230e-01
6.23449993e+00	1.70284900e-01
6.23549986e+00	1.77029640e-01
6.23649979e+00	1.59529000e-01
6.23750019e+00	1.19499830e-01
6.23850012e+00	8.22437180e-02
6.23950005e+00	5.54726680e-02
6.24049997e+00	6.04085510e-02
6.24149990e+00	7.28506520e-02
6.24249983e+00	1.16728580e-01
6.24350023e+00	9.74363910e-02
6.24450016e+00	4.87673280e-02
6.24550009e+00	6.19802740e-02
6.24650002e+00	6.17193910e-02
6.24749994e+00	4.32463140e-02
6.24849987e+00	4.68821340e-02
6.24949980e+00	4.79873270e-02
6.25050020e+00	4.54633310e-02
6.25150013e+00	1.16184190e-01
6.25250006e+00	1.29321130e-01
6.25349998e+00	1.22418610e-01
6.25449991e+00	9.48325400e-02
6.25549984e+00	4.94138560e-02
6.25649977e+00	4.23081480e-02
6.25750017e+00	4.95259870e-02
6.25850010e+00	1.09778470e-01
6.25950003e+00	7.65512140e-02
6.26049995e+00	4.26303110e-02
6.26149988e+00	4.99119830e-02
6.26249981e+00	3.72765030e-02
6.26350021e+00	3.27898300e-02
6.26450014e+00	3.52677290e-02
6.26550007e+00	3.25296300e-02
6.26650000e+00	3.95864620e-02
6.26749992e+00	3.63530670e-02
6.26849985e+00	2.19150320e-02
6.26949978e+00	1.23641670e-02
6.27050018e+00	1.43014170e-02
6.27150011e+00	2.80125360e-02
6.27250004e+00	4.66444340e-02
6.27349997e+00	6.24615250e-02
6.27449989e+00	6.88949230e-02
6.27549982e+00	6.18683770e-02
6.27650023e+00	4.62270790e-02
6.27750015e+00	5.65700640e-02
6.27850008e+00	7.79868660e-02
6.27950001e+00	8.06038750e-02
6.28049994e+00	8.19671010e-02
6.28149986e+00	8.32677780e-02
6.28249979e+00	7.07862000e-02
6.28350019e+00	4.72643260e-02
6.28450012e+00	2.46758760e-02
6.28550005e+00	1.63363670e-02
6.28649998e+00	1.77283100e-02
6.28749990e+00	2.61863000e-02
6.28849983e+00	3.81720770e-02
6.28950024e+00	1.12301290e-01
6.29050016e+00	1.46307590e-01
6.29150009e+00	5.32292020e-02
6.29250002e+00	3.35859880e-02
6.29349995e+00	3.54825300e-02
6.29449987e+00	3.39085460e-02
6.29549980e+00	8.02839550e-02
6.29650021e+00	1.32394110e-01
6.29750013e+00	1.58974440e-01
6.29850006e+00	8.47375690e-02
6.29949999e+00	2.51207350e-02
6.30049992e+00	5.26369850e-02
6.30149984e+00	1.03611000e-01
6.30249977e+00	5.21167960e-02
6.30350018e+00	3.89271230e-02
6.30450010e+00	6.03955570e-02
6.30550003e+00	8.98578090e-02
6.30649996e+00	1.18407760e-01
6.30749989e+00	1.37885050e-01
6.30849981e+00	1.45598050e-01
6.30950022e+00	1.27441850e-01
6.31050014e+00	9.85675160e-02
6.31150007e+00	1.15657780e-01
6.31250000e+00	1.56009730e-01
6.31349993e+00	1.79381950e-01
6.31449986e+00	1.87229010e-01
6.31549978e+00	1.85567800e-01
6.31650019e+00	1.76968320e-01
6.31750011e+00	1.65170570e-01
6.31850004e+00	1.56115950e-01
6.31949997e+00	1.39491780e-01
6.32049990e+00	1.20133880e-01
6.32149982e+00	1.12423110e-01
6.32250023e+00	1.06563100e-01
6.32350016e+00	1.00186240e-01
6.32450008e+00	9.09442750e-02
6.32550001e+00	7.61873420e-02
6.32649994e+00	6.29361940e-02
6.32749987e+00	5.39192300e-02
6.32849979e+00	3.88823150e-02
6.32950020e+00	2.29076180e-02
6.33050013e+00	1.30289710e-02
6.33150005e+00	1.30334530e-02
6.33249998e+00	2.22657170e-02
6.33349991e+00	3.45375540e-02
6.33449984e+00	4.22338690e-02
6.33549976e+00	4.57053330e-02
6.33650017e+00	6.14736640e-02
6.33750010e+00	5.67671810e-02
6.33850002e+00	3.92218230e-02
6.33949995e+00	3.20601870e-02
6.34049988e+00	7.71729350e-02
6.34149981e+00	1.47692200e-01
6.34250021e+00	1.20216320e-01
6.34350014e+00	1.45295250e-01
6.34450006e+00	1.52526300e-01
6.34549999e+00	5.44770730e-02
6.34649992e+00	2.11313930e-02
6.34749985e+00	3.78258410e-02
6.34849977e+00	6.25621300e-02
6.34950018e+00	8.27789750e-02
6.35050011e+00	9.96824650e-02
6.35150003e+00	1.11872700e-01
6.35249996e+00	1.24656220e-01
6.35349989e+00	1.36004240e-01
6.35449982e+00	1.34448410e-01
6.35550022e+00	1.19651460e-01
6.35650015e+00	1.02440510e-01
6.35750008e+00	8.02193360e-02
6.35850000e+00	5.03659770e-02
6.35949993e+00	3.50985190e-02
6.36049986e+00	4.00247690e-02
6.36149979e+00	3.47602590e-02
6.36250019e+00	4.02096360e-02
6.36350012e+00	7.33317580e-02
6.36450005e+00	1.07527360e-01
6.36549997e+00	1.33050290e-01
6.36649990e+00	1.47461770e-01
6.36749983e+00	1.67254020e-01
6.36850023e+00	1.83550400e-01
6.36950016e+00	1.88147650e-01
6.37050009e+00	1.82362330e-01
6.37150002e+00	1.71718430e-01
6.37249994e+00	1.55863790e-01
6.37349987e+00	1.30451430e-01
6.37449980e+00	1.08094890e-01
6.37550020e+00	7.98797760e-02
6.37650013e+00	4.79669460e-02
6.37750006e+00	3.03742740e-02
6.37849998e+00	4.62048990e-02
6.37949991e+00	7.69142060e-02
6.38049984e+00	1.02886150e-01
6.38149977e+00	1.14369370e-01
6.38250017e+00	1.08576850e-01
6.38350010e+00	8.58852860e-02
6.38450003e+00	6.54485970e-02
6.38549995e+00	6.56014610e-02
6.38649988e+00	9.71184150e-02
6.38749981e+00	1.09147590e-01
6.38850021e+00	7.61351290e-02
6.38950014e+00	5.87993190e-02
6.39050007e+00	6.98732810e-02
6.39150000e+00	6.61465230e-02
6.39249992e+00	4.62619700e-02
6.39349985e+00	2.76017280e-02
6.39449978e+00	3.00836690e-02
6.39550018e+00	4.65972200e-02
6.39650011e+00	6.97953400e-02
6.39750004e+00	8.54933710e-02
6.39849997e+00	9.13065300e-02
6.39949989e+00	8.59120490e-02
6.40049982e+00	6.67316390e-02
6.40150023e+00	6.55688200e-02
6.40250015e+00	5.88425140e-02
6.40350008e+00	3.68636590e-02
6.40450001e+00	2.57839170e-02
6.40549994e+00	2.88280570e-02
6.40649986e+00	3.42334700e-02
6.40749979e+00	5.48840020e-02
6.40850019e+00	7.68843960e-02
6.40950012e+00	1.10834980e-01
6.41050005e+00	1.33478300e-01
6.41149998e+00	1.29332560e-01
6.41249990e+00	1.37363120e-01
6.41349983e+00	1.34940490e-01
6.41450024e+00	1.22380600e-01
6.41550016e+00	1.01384060e-01
6.41650009e+00	7.01461430e-02
6.41750002e+00	5.85298280e-02
6.41849995e+00	7.15145470e-02
6.41949987e+00	6.06584590e-02
6.42049980e+00	4.45519570e-02
6.42150021e+00	7.44204150e-02
6.42250013e+00	1.30549000e-01
6.42350006e+00	1.54974000e-01
6.42449999e+00	1.45718380e-01
6.42549992e+00	1.60003080e-01
6.42649984e+00	1.66047380e-01
6.42749977e+00	1.59259950e-01
6.42850018e+00	1.52733530e-01
6.42950010e+00	1.22959650e-01
6.43050003e+00	7.76094350e-02
6.43149996e+00	6.74504120e-02
6.43249989e+00	9.94075690e-02
6.43349981e+00	9.48976870e-02
6.43450022e+00	1.16753230e-01
6.43550014e+00	1.93158090e-01
6.43650007e+00	1.74243610e-01
6.43750000e+00	1.05233540e-01
6.43849993e+00	1.13398110e-01
6.43949986e+00	1.24020730e-01
6.44049978e+00	1.03584270e-01
6.44150019e+00	6.45819380e-02
6.44250011e+00	4.44830840e-02
6.44350004e+00	6.30031450e-02
6.44449997e+00	1.05512810e-01
6.44549990e+00	1.44471110e-01
6.44649982e+00	1.70886960e-01
6.44750023e+00	2.07909170e-01
6.44850016e+00	2.27017550e-01
6.44950008e+00	1.90063890e-01
6.45050001e+00	1.75030070e-01
6.45149994e+00	1.65791210e-01
6.45249987e+00	1.53839220e-01
6.45349979e+00	1.44697710e-01
6.45450020e+00	1.34315800e-01
6.45550013e+00	1.15669650e-01
6.45650005e+00	7.90402740e-02
6.45749998e+00	5.70917200e-02
6.45849991e+00	1.75924270e-01
6.45949984e+00	3.40058210e-01
6.46049976e+00	2.52885430e-01
6.46150017e+00	1.34285600e-01
6.46250010e+00	1.17727970e-01
6.46350002e+00	1.12078750e-01
6.46449995e+00	1.04312770e-01
6.46549988e+00	9.10417290e-02
6.46649981e+00	7.50909150e-02
6.46750021e+00	6.87813160e-02
6.46850014e+00	8.38208350e-02
6.46950006e+00	2.29309720e-01
6.47049999e+00	3.35022390e-01
6.47149992e+00	2.68641560e-01
6.47249985e+00	1.40485760e-01
6.47349977e+00	1.12705390e-01
6.47450018e+00	1.11544970e-01
6.47550011e+00	1.06617150e-01
6.47650003e+00	1.01590380e-01
6.47749996e+00	9.03460530e-02
6.47849989e+00	1.02107370e-01
6.47949982e+00	3.00657390e-01
6.48050022e+00	3.68802370e-01
6.48150015e+00	3.16622110e-01
6.48250008e+00	1.91869480e-01
6.48350000e+00	1.25664730e-01
6.48449993e+00	1.11567830e-01
6.48549986e+00	1.32187840e-01
6.48649979e+00	1.95956740e-01
6.48750019e+00	2.04284590e-01
6.48850012e+00	3.58625260e-01
6.48950005e+00	3.90471310e-01
6.49049997e+00	3.42655480e-01
6.49149990e+00	2.78452840e-01
6.49249983e+00	2.06419750e-01
6.49350023e+00	1.73648250e-01
6.49450016e+00	1.60847320e-01
6.49550009e+00	2.94415860e-01
6.49650002e+00	5.66115740e-01
6.49749994e+00	5.47706130e-01
6.49849987e+00	2.73096980e-01
6.49949980e+00	2.69198420e-01
6.50050020e+00	3.86064980e-01
6.50150013e+00	3.67356900e-01
6.50250006e+00	3.13953400e-01
6.50349998e+00	6.39900920e-01
6.50449991e+00	6.14526870e-01
6.50549984e+00	2.33615990e-01
6.50649977e+00	2.51770110e-01
6.50750017e+00	4.39350280e-01
6.50850010e+00	3.31752990e-01
6.50950003e+00	4.60318090e-01
6.51049995e+00	5.44359150e-01
6.51149988e+00	4.14775550e-01
6.51249981e+00	4.21657740e-01
6.51350021e+00	4.93868590e-01
6.51450014e+00	4.75918170e-01
6.51550007e+00	3.84684920e-01
6.51650000e+00	3.61055110e-01
6.51749992e+00	2.64296440e-01
6.51849985e+00	2.85010610e-01
6.51949978e+00	2.31238870e-01
6.52050018e+00	1.28161920e-01
6.52150011e+00	1.04432260e-01
6.52250004e+00	1.00036050e-01
6.52349997e+00	7.99383740e-02
6.52449989e+00	4.47125170e-02
6.52549982e+00	4.74956820e-02
6.52650023e+00	7.91337270e-02
6.52750015e+00	1.18149440e-01
6.52850008e+00	1.45354320e-01
6.52950001e+00	1.28227400e-01
6.53049994e+00	8.84437260e-02
6.53149986e+00	9.34214520e-02
6.53249979e+00	1.21315550e-01
6.53350019e+00	1.45934060e-01
6.53450012e+00	1.54378190e-01
6.53550005e+00	1.53274970e-01
6.53649998e+00	1.62236970e-01
6.53749990e+00	1.52194840e-01
6.53849983e+00	1.27634640e-01
6.53950024e+00	1.38621180e-01
6.54050016e+00	1.51835520e-01
6.54150009e+00	1.36933680e-01
6.54250002e+00	1.10664400e-01
6.54349995e+00	1.28581780e-01
6.54449987e+00	1.86896060e-01
6.54549980e+00	2.09953340e-01
6.54650021e+00	1.75309450e-01
6.54750013e+00	1.24929710e-01
6.54850006e+00	1.03315760e-01
6.54949999e+00	1.48746280e-01
6.55049992e+00	2.06464100e-01
6.55149984e+00	2.15514210e-01
6.55249977e+00	1.70293150e-01
6.55350018e+00	1.25341030e-01
6.55450010e+00	1.46573440e-01
6.55550003e+00	2.25996290e-01
6.55649996e+00	2.66637090e-01
6.55749989e+00	2.03556300e-01
6.55849981e+00	1.24993940e-01
6.55950022e+00	1.61605950e-01
6.56050014e+00	2.41356670e-01
6.56150007e+00	3.00104380e-01
6.56250000e+00	3.19599270e-01
6.56349993e+00	2.79247020e-01
6.56449986e+00	2.40631770e-01
6.56549978e+00	2.09803400e-01
6.56650019e+00	1.55071440e-01
6.56750011e+00	1.54554740e-01
6.56850004e+00	1.59157290e-01
6.56949997e+00	1.67253580e-01
6.57049990e+00	2.09872080e-01
6.57149982e+00	2.11005580e-01
6.57250023e+00	1.77284900e-01
6.57350016e+00	1.65996090e-01
6.57450008e+00	1.74079080e-01
6.57550001e+00	1.70183640e-01
6.57649994e+00	1.96731760e-01
6.57749987e+00	2.52884860e-01
6.57849979e+00	2.96678270e-01
6.57950020e+00	2.86803930e-01
6.58050013e+00	1.88765320e-01
6.58150005e+00	1.86646510e-01
6.58249998e+00	2.69683570e-01
6.58349991e+00	3.08684410e-01
6.58449984e+00	3.28405350e-01
6.58549976e+00	3.36583760e-01
6.58650017e+00	2.77300330e-01
6.58750010e+00	2.60865690e-01
6.58850002e+00	3.05861680e-01
6.58949995e+00	2.85268520e-01
6.59049988e+00	2.42605150e-01
6.59149981e+00	1.71522970e-01
6.59250021e+00	9.06829830e-02
6.59350014e+00	8.50699250e-02
6.59450006e+00	1.51455800e-01
6.59549999e+00	1.84714290e-01
6.59649992e+00	1.63278330e-01
6.59749985e+00	1.33642410e-01
6.59849977e+00	1.16186810e-01
6.59950018e+00	1.40424010e-01
6.60050011e+00	2.32243980e-01
6.60150003e+00	3.06708480e-01
6.60249996e+00	3.11601790e-01
6.60349989e+00	2.10098940e-01
6.60449982e+00	1.65716720e-01
6.60550022e+00	1.83307930e-01
6.60650015e+00	1.85758550e-01
6.60750008e+00	2.14736210e-01
6.60850000e+00	2.07683270e-01
6.60949993e+00	1.38621730e-01
6.61049986e+00	1.32693290e-01
6.61149979e+00	1.60976560e-01
6.61250019e+00	2.24051370e-01
6.61350012e+00	2.77719740e-01
6.61450005e+00	2.70378860e-01
6.61549997e+00	1.67480690e-01
6.61649990e+00	1.29769590e-01
6.61749983e+00	2.12309660e-01
6.61850023e+00	3.15983890e-01
6.61950016e+00	3.65974340e-01
6.62050009e+00	3.89462020e-01
6.62150002e+00	4.02236070e-01
6.62249994e+00	3.92568110e-01
6.62349987e+00	3.73361260e-01
6.62449980e+00	3.75996950e-01
6.62550020e+00	3.96012690e-01
6.62650013e+00	3.03238450e-01
6.62750006e+00	2.82527540e-01
6.62849998e+00	3.48938940e-01
6.62949991e+00	3.89256480e-01
6.63049984e+00	3.63120410e-01
