# wave (µm)	R (µW cm-2 sr-1 µm-1)
1.00209999e+01	3.56900720e+00
1.00229998e+01	3.53878710e+00
1.00249996e+01	3.50012040e+00
1.00270004e+01	3.45708200e+00
1.00290003e+01	3.41591450e+00
1.00310001e+01	3.37956090e+00
1.00330000e+01	3.31593990e+00
1.00349999e+01	3.25102760e+00
1.00369997e+01	3.18721910e+00
1.00389996e+01	3.11215730e+00
1.00410004e+01	3.03238110e+00
1.00430002e+01	2.95350410e+00
1.00450001e+01	2.86444590e+00
1.00469999e+01	2.75488690e+00
1.00489998e+01	2.63389420e+00
1.00509996e+01	2.54466030e+00
1.00530005e+01	2.45833400e+00
1.00550003e+01	2.33906790e+00
1.00570002e+01	2.19196320e+00
1.00590000e+01	2.03048040e+00
1.00609999e+01	1.87473490e+00
1.00629997e+01	1.71872440e+00
1.00649996e+01	1.54773880e+00
1.00670004e+01	1.34701930e+00
1.00690002e+01	1.08672560e+00
1.00710001e+01	8.24104790e-01
1.00729999e+01	6.41745150e-01
1.00749998e+01	6.21491490e-01
1.00769997e+01	6.74809630e-01
1.00790005e+01	7.06529380e-01
1.00810003e+01	5.93685870e-01
1.00830002e+01	6.05505470e-01
1.00850000e+01	7.46872600e-01
1.00869999e+01	9.91925950e-01
1.00889997e+01	1.20897050e+00
1.00909996e+01	1.32533690e+00
1.00930004e+01	1.22519590e+00
1.00950003e+01	1.22588210e+00
1.00970001e+01	1.00787520e+00
1.00990000e+01	1.12395890e+00
1.01009998e+01	1.27683580e+00
1.01029997e+01	1.34369340e+00
1.01049995e+01	1.23633150e+00
1.01070003e+01	1.28817370e+00
1.01090002e+01	1.66818130e+00
1.01110001e+01	1.79030870e+00
1.01129999e+01	1.51570700e+00
1.01149998e+01	1.55102030e+00
1.01169996e+01	2.03705360e+00
1.01190004e+01	2.31746440e+00
1.01210003e+01	2.20818140e+00
1.01230001e+01	2.26310520e+00
1.01250000e+01	2.27633640e+00
1.01269999e+01	2.36660720e+00
1.01289997e+01	2.69071320e+00
1.01309996e+01	2.71278020e+00
1.01330004e+01	2.16019340e+00
1.01350002e+01	2.28600550e+00
1.01370001e+01	2.94642660e+00
1.01389999e+01	3.27322030e+00
1.01409998e+01	3.39955690e+00
1.01429997e+01	3.00629450e+00
1.01450005e+01	2.96266980e+00
1.01470003e+01	3.41307040e+00
1.01490002e+01	3.61844020e+00
1.01510000e+01	3.66067270e+00
1.01529999e+01	3.47478960e+00
1.01549997e+01	3.38540960e+00
1.01569996e+01	3.26170950e+00
1.01590004e+01	3.44910600e+00
1.01610003e+01	3.57433650e+00
1.01630001e+01	3.50667620e+00
1.01650000e+01	3.67251590e+00
1.01669998e+01	3.49446080e+00
1.01689997e+01	2.85790370e+00
1.01709995e+01	2.53843210e+00
1.01730003e+01	3.41066270e+00
1.01750002e+01	3.95548610e+00
1.01770001e+01	4.04899500e+00
1.01789999e+01	4.01832100e+00
1.01809998e+01	3.84570190e+00
1.01829996e+01	3.65491200e+00
1.01850004e+01	3.88058520e+00
1.01870003e+01	4.07746600e+00
1.01890001e+01	4.12717530e+00
1.01910000e+01	4.05245490e+00
1.01929998e+01	3.93572640e+00
1.01949997e+01	3.95991400e+00
1.01969995e+01	4.01691530e+00
1.01990004e+01	4.01854090e+00
1.02010002e+01	4.08957620e+00
1.02030001e+01	4.10249140e+00
1.02049999e+01	4.07425210e+00
1.02069998e+01	4.08254810e+00
1.02089996e+01	4.02843810e+00
1.02110004e+01	3.93812890e+00
1.02130003e+01	3.95867060e+00
1.02150001e+01	4.01432850e+00
1.02170000e+01	4.03427790e+00
1.02189999e+01	4.01324130e+00
1.02209997e+01	3.99855660e+00
1.02229996e+01	3.97078160e+00
1.02250004e+01	3.91335460e+00
1.02270002e+01	3.85089420e+00
1.02290001e+01	3.83122130e+00
1.02309999e+01	3.84467740e+00
1.02329998e+01	3.84892850e+00
1.02349997e+01	3.82060980e+00
1.02370005e+01	3.77964210e+00
1.02390003e+01	3.72823380e+00
1.02410002e+01	3.68145350e+00
1.02430000e+01	3.66069050e+00
1.02449999e+01	3.62834240e+00
1.02469997e+01	3.58962940e+00
1.02489996e+01	3.54924200e+00
1.02510004e+01	3.50974110e+00
1.02530003e+01	3.45291640e+00
1.02550001e+01	3.38093850e+00
1.02570000e+01	3.30710430e+00
1.02589998e+01	3.19782610e+00
1.02609997e+01	2.98796800e+00
1.02629995e+01	2.47858520e+00
1.02650003e+01	1.74401440e+00
1.02670002e+01	1.60460310e+00
1.02690001e+01	2.20212670e+00
1.02709999e+01	2.62977580e+00
1.02729998e+01	2.66074820e+00
1.02749996e+01	2.56724450e+00
1.02770004e+01	2.44577220e+00
1.02790003e+01	2.29359670e+00
1.02810001e+01	2.09458180e+00
1.02830000e+01	1.83382440e+00
1.02849999e+01	1.50420150e+00
1.02869997e+01	1.12120520e+00
1.02889996e+01	8.70180670e-01
1.02910004e+01	1.01363600e+00
1.02930002e+01	1.39099290e+00
1.02950001e+01	1.72878150e+00
1.02969999e+01	1.95777710e+00
1.02989998e+01	2.10063170e+00
1.03009996e+01	2.18628620e+00
1.03030005e+01	2.21460840e+00
1.03050003e+01	2.21579410e+00
1.03070002e+01	2.20201850e+00
1.03090000e+01	2.18586060e+00
1.03109999e+01	2.12672190e+00
1.03129997e+01	2.03507800e+00
1.03149996e+01	1.92992620e+00
1.03170004e+01	1.82384510e+00
1.03190002e+01	1.72532830e+00
1.03210001e+01	1.60948040e+00
1.03229999e+01	1.45989760e+00
1.03249998e+01	1.29589160e+00
1.03269997e+01	1.10318680e+00
1.03290005e+01	9.09977790e-01
1.03310003e+01	7.76137050e-01
1.03330002e+01	7.29799990e-01
1.03350000e+01	7.27366860e-01
1.03369999e+01	7.15592210e-01
1.03389997e+01	7.43511560e-01
1.03409996e+01	7.51874860e-01
1.03430004e+01	7.47379600e-01
1.03450003e+01	8.23920070e-01
1.03470001e+01	8.43686040e-01
1.03490000e+01	7.97469850e-01
1.03509998e+01	8.52625790e-01
1.03529997e+01	9.74527120e-01
1.03549995e+01	9.83076100e-01
1.03570003e+01	9.01263120e-01
1.03590002e+01	8.73448010e-01
1.03610001e+01	1.01693790e+00
1.03629999e+01	1.19834840e+00
1.03649998e+01	1.15276220e+00
1.03669996e+01	9.67075940e-01
1.03690004e+01	9.81885370e-01
1.03710003e+01	1.30297260e+00
1.03730001e+01	1.63681700e+00
1.03750000e+01	1.67576360e+00
1.03769999e+01	1.61727330e+00
1.03789997e+01	1.53022250e+00
1.03809996e+01	1.66097070e+00
1.03830004e+01	1.99479450e+00
1.03850002e+01	2.12934180e+00
1.03870001e+01	2.09253330e+00
1.03889999e+01	1.98690390e+00
1.03909998e+01	1.84222970e+00
1.03929997e+01	1.72605040e+00
1.03950005e+01	1.99316790e+00
1.03970003e+01	2.23226480e+00
1.03990002e+01	2.35601830e+00
1.04010000e+01	2.53228780e+00
1.04029999e+01	2.52769470e+00
1.04049997e+01	2.40511660e+00
1.04069996e+01	2.44129400e+00
1.04090004e+01	2.73142740e+00
1.04110003e+01	2.94586110e+00
1.04130001e+01	2.92502000e+00
1.04150000e+01	2.95387770e+00
1.04169998e+01	3.16077970e+00
1.04189997e+01	3.23993350e+00
1.04209995e+01	3.15405390e+00
1.04230003e+01	3.11956330e+00
1.04250002e+01	3.28926710e+00
1.04270001e+01	3.49192830e+00
1.04289999e+01	3.59892820e+00
1.04309998e+01	3.63461570e+00
1.04329996e+01	3.64332180e+00
1.04350004e+01	3.64241150e+00
1.04370003e+01	3.60791950e+00
1.04390001e+01	3.56416510e+00
1.04410000e+01	3.60593410e+00
1.04429998e+01	3.74318910e+00
1.04449997e+01	3.79832790e+00
1.04469995e+01	3.79532600e+00
1.04490004e+01	3.76027970e+00
1.04510002e+01	3.74559000e+00
1.04530001e+01	3.68105290e+00
1.04549999e+01	3.28950790e+00
1.04569998e+01	2.55687500e+00
1.04589996e+01	2.72768070e+00
1.04610004e+01	3.40174150e+00
1.04630003e+01	3.59399460e+00
1.04650001e+01	3.45240040e+00
1.04670000e+01	2.89457750e+00
1.04689999e+01	2.52502850e+00
1.04709997e+01	2.91897870e+00
1.04729996e+01	2.73130680e+00
1.04750004e+01	1.99047150e+00
1.04770002e+01	1.88464260e+00
1.04790001e+01	2.57869600e+00
1.04809999e+01	3.10383650e+00
1.04829998e+01	3.21001480e+00
1.04849997e+01	3.16826490e+00
1.04870005e+01	3.06339340e+00
1.04890003e+01	2.92513280e+00
1.04910002e+01	2.78213480e+00
1.04930000e+01	2.63505790e+00
1.04949999e+01	2.46735260e+00
1.04969997e+01	2.25954990e+00
1.04989996e+01	2.00423810e+00
1.05010004e+01	1.71386110e+00
1.05030003e+01	1.39249360e+00
1.05050001e+01	1.04823210e+00
1.05070000e+01	9.38360570e-01
1.05089998e+01	1.16949630e+00
1.05109997e+01	1.53432100e+00
1.05129995e+01	1.83611370e+00
1.05150003e+01	2.10552310e+00
1.05170002e+01	2.32663800e+00
1.05190001e+01	2.52513170e+00
1.05209999e+01	2.64298460e+00
1.05229998e+01	2.74324610e+00
1.05249996e+01	2.81938820e+00
1.05270004e+01	2.83731510e+00
1.05290003e+01	2.83359860e+00
1.05310001e+01	2.81952240e+00
1.05330000e+01	2.75384090e+00
1.05349999e+01	2.52178620e+00
1.05369997e+01	2.27244420e+00
1.05389996e+01	2.02316000e+00
1.05410004e+01	1.70979610e+00
1.05430002e+01	1.33614780e+00
1.05450001e+01	1.02508290e+00
1.05469999e+01	1.03488710e+00
1.05489998e+01	1.34364560e+00
1.05509996e+01	1.68873020e+00
1.05530005e+01	1.99713280e+00
1.05550003e+01	2.16353460e+00
1.05570002e+01	2.37521460e+00
1.05590000e+01	2.69059210e+00
1.05609999e+01	2.88793970e+00
1.05629997e+01	3.05541440e+00
1.05649996e+01	3.18402500e+00
1.05670004e+01	3.24148200e+00
1.05690002e+01	2.97904850e+00
1.05710001e+01	2.45140720e+00
1.05729999e+01	2.82167340e+00
1.05749998e+01	3.43298860e+00
1.05769997e+01	3.63191840e+00
1.05790005e+01	3.54180050e+00
1.05810003e+01	3.05241060e+00
1.05830002e+01	2.93971040e+00
1.05850000e+01	3.36221460e+00
1.05869999e+01	3.04046150e+00
1.05889997e+01	2.36226770e+00
1.05909996e+01	2.50021150e+00
1.05930004e+01	3.36154390e+00
1.05950003e+01	3.89841530e+00
1.05970001e+01	4.05358360e+00
1.05990000e+01	4.07889270e+00
1.06009998e+01	3.91341330e+00
1.06029997e+01	3.48778610e+00
1.06049995e+01	3.48904470e+00
1.06070003e+01	3.93580460e+00
1.06090002e+01	4.16720100e+00
1.06110001e+01	4.23756410e+00
1.06129999e+01	4.26719000e+00
1.06149998e+01	4.28465800e+00
1.06169996e+01	4.29711480e+00
1.06190004e+01	4.29231790e+00
1.06210003e+01	4.28835680e+00
1.06230001e+01	4.28808980e+00
1.06250000e+01	4.28241060e+00
1.06269999e+01	4.26539420e+00
1.06289997e+01	4.24769310e+00
1.06309996e+01	4.25110100e+00
1.06330004e+01	4.24807170e+00
1.06350002e+01	4.21407790e+00
1.06370001e+01	4.19918820e+00
1.06389999e+01	4.19612070e+00
1.06409998e+01	4.17957640e+00
1.06429997e+01	4.13270240e+00
1.06450005e+01	4.06024500e+00
1.06470003e+01	3.98756220e+00
1.06490002e+01	4.00379320e+00
1.06510000e+01	3.98620250e+00
1.06529999e+01	3.78281780e+00
1.06549997e+01	3.56580330e+00
1.06569996e+01	3.73035880e+00
1.06590004e+01	3.87438420e+00
1.06610003e+01	3.82815790e+00
1.06630001e+01	3.65168020e+00
1.06650000e+01	3.44258360e+00
1.06669998e+01	3.41076230e+00
1.06689997e+01	3.49197390e+00
1.06709995e+01	3.33306810e+00
1.06730003e+01	3.24951770e+00
1.06750002e+01	3.11048720e+00
1.06770001e+01	3.19517450e+00
1.06789999e+01	3.17868020e+00
1.06809998e+01	3.04142400e+00
1.06829996e+01	2.83965350e+00
1.06850004e+01	2.54077820e+00
1.06870003e+01	2.49168520e+00
1.06890001e+01	2.34786630e+00
1.06910000e+01	2.30655380e+00
1.06929998e+01	2.52392150e+00
1.06949997e+01	2.46452210e+00
1.06969995e+01	2.52909090e+00
1.06990004e+01	2.38810540e+00
1.07010002e+01	1.86797520e+00
1.07030001e+01	1.58180740e+00
1.07049999e+01	1.79439760e+00
1.07069998e+01	1.78989670e+00
1.07089996e+01	1.67000930e+00
1.07110004e+01	1.88138230e+00
1.07130003e+01	1.96262590e+00
1.07150001e+01	1.66293660e+00
1.07170000e+01	1.24661090e+00
1.07189999e+01	1.16225040e+00
1.07209997e+01	1.32940050e+00
1.07229996e+01	1.41548530e+00
1.07250004e+01	1.37304960e+00
1.07270002e+01	1.14553580e+00
1.07290001e+01	1.02300560e+00
1.07309999e+01	1.01020490e+00
1.07329998e+01	9.57737150e-01
1.07349997e+01	9.64784560e-01
1.07370005e+01	9.66175200e-01
1.07390003e+01	9.92964270e-01
1.07410002e+01	1.03052630e+00
1.07430000e+01	9.70642090e-01
1.07449999e+01	9.92004160e-01
1.07469997e+01	1.11786460e+00
1.07489996e+01	1.18458710e+00
1.07510004e+01	1.20149620e+00
1.07530003e+01	1.08911100e+00
1.07550001e+01	1.14650120e+00
1.07570000e+01	1.40438180e+00
1.07589998e+01	1.58887840e+00
1.07609997e+01	1.52749280e+00
1.07629995e+01	1.40039460e+00
1.07650003e+01	1.30291570e+00
1.07670002e+01	1.15555040e+00
1.07690001e+01	1.26981940e+00
1.07709999e+01	1.28071990e+00
1.07729998e+01	1.15725520e+00
1.07749996e+01	1.35122540e+00
1.07770004e+01	1.59660050e+00
1.07790003e+01	1.61390520e+00
1.07810001e+01	1.47023790e+00
1.07830000e+01	1.23040500e+00
1.07849999e+01	1.33642330e+00
1.07869997e+01	1.73212160e+00
1.07889996e+01	2.00120810e+00
1.07910004e+01	2.26242660e+00
1.07930002e+01	2.47823760e+00
1.07950001e+01	2.56764460e+00
1.07969999e+01	2.48214080e+00
1.07989998e+01	2.26685980e+00
1.08009996e+01	2.04982380e+00
1.08030005e+01	1.72579100e+00
1.08050003e+01	1.84791740e+00
1.08070002e+01	2.39474580e+00
1.08090000e+01	2.77372880e+00
1.08109999e+01	2.90455290e+00
1.08129997e+01	2.94578480e+00
1.08149996e+01	2.87063790e+00
1.08170004e+01	2.94011430e+00
1.08190002e+01	3.16657280e+00
1.08210001e+01	3.05832340e+00
1.08229999e+01	2.91296170e+00
1.08249998e+01	2.54542570e+00
1.08269997e+01	2.09744550e+00
1.08290005e+01	2.34380600e+00
1.08310003e+01	2.79141950e+00
1.08330002e+01	2.83462690e+00
1.08350000e+01	3.02814320e+00
1.08369999e+01	3.50811600e+00
1.08389997e+01	3.88217710e+00
1.08409996e+01	4.02087500e+00
1.08430004e+01	4.01260380e+00
1.08450003e+01	3.96410490e+00
1.08470001e+01	3.81679460e+00
1.08490000e+01	3.65258410e+00
1.08509998e+01	3.42095090e+00
1.08529997e+01	2.84329840e+00
1.08549995e+01	2.51292440e+00
1.08570003e+01	3.03274040e+00
1.08590002e+01	3.63491150e+00
1.08610001e+01	4.01580810e+00
1.08629999e+01	4.22539810e+00
1.08649998e+01	4.34053370e+00
1.08669996e+01	4.41543440e+00
1.08690004e+01	4.47077270e+00
1.08710003e+01	4.47593930e+00
1.08730001e+01	4.47874260e+00
1.08750000e+01	4.53722140e+00
1.08769999e+01	4.54773520e+00
1.08789997e+01	4.53067260e+00
1.08809996e+01	4.47121950e+00
1.08830004e+01	4.17748400e+00
1.08850002e+01	3.63824580e+00
1.08870001e+01	3.58936410e+00
1.08889999e+01	4.09472370e+00
1.08909998e+01	4.53399130e+00
1.08929997e+01	4.70350220e+00
1.08950005e+01	4.77326060e+00
1.08970003e+01	4.78455780e+00
1.08990002e+01	4.76065020e+00
1.09010000e+01	4.80596970e+00
1.09029999e+01	4.86436890e+00
1.09049997e+01	4.89060160e+00
1.09069996e+01	4.89373640e+00
1.09090004e+01	4.85194780e+00
1.09110003e+01	4.69297030e+00
1.09130001e+01	4.64426520e+00
1.09150000e+01	4.79588030e+00
1.09169998e+01	4.79357530e+00
1.09189997e+01	4.56810900e+00
1.09209995e+01	4.37528850e+00
1.09230003e+01	4.61446430e+00
1.09250002e+01	4.84789710e+00
1.09270001e+01	4.90197370e+00
1.09289999e+01	4.83296870e+00
1.09309998e+01	4.65637210e+00
1.09329996e+01	4.67244580e+00
1.09350004e+01	4.84293270e+00
1.09370003e+01	4.89266160e+00
1.09390001e+01	4.88710740e+00
1.09410000e+01	4.86307100e+00
1.09429998e+01	4.78937240e+00
1.09449997e+01	4.53264620e+00
1.09469995e+01	4.27951430e+00
1.09490004e+01	4.52682590e+00
1.09510002e+01	4.71237660e+00
1.09530001e+01	4.71314950e+00
1.09549999e+01	4.59283260e+00
1.09569998e+01	4.34480480e+00
1.09589996e+01	4.23146100e+00
1.09610004e+01	4.22178220e+00
1.09630003e+01	4.15113400e+00
1.09650001e+01	4.05965280e+00
1.09670000e+01	4.21073060e+00
1.09689999e+01	4.38833710e+00
1.09709997e+01	4.40376520e+00
1.09729996e+01	4.34347440e+00
1.09750004e+01	4.28128100e+00
1.09770002e+01	4.22154140e+00
1.09790001e+01	4.14948230e+00
1.09809999e+01	4.05490300e+00
1.09829998e+01	3.95059540e+00
1.09849997e+01	3.83967230e+00
1.09870005e+01	3.72514840e+00
1.09890003e+01	3.60597230e+00
1.09910002e+01	3.48084690e+00
1.09930000e+01	3.34382100e+00
1.09949999e+01	3.16082550e+00
1.09969997e+01	2.98791910e+00
1.09989996e+01	2.82773850e+00
1.10010004e+01	2.62468700e+00
1.10030003e+01	2.36660810e+00
1.10050001e+01	2.05853080e+00
1.10070000e+01	1.70353140e+00
1.10089998e+01	1.34066590e+00
1.10109997e+01	1.15855040e+00
1.10129995e+01	1.31999210e+00
1.10150003e+01	1.69305350e+00
1.10170002e+01	2.04501250e+00
1.10190001e+01	2.34260650e+00
1.10209999e+01	2.59765340e+00
1.10229998e+01	2.79919740e+00
1.10249996e+01	2.94827440e+00
1.10270004e+01	3.13125540e+00
1.10290003e+01	3.34180450e+00
1.10310001e+01	3.51932950e+00
1.10330000e+01	3.67351150e+00
1.10349999e+01	3.79956790e+00
1.10369997e+01	3.90635250e+00
1.10389996e+01	4.00446990e+00
1.10410004e+01	4.09107590e+00
1.10430002e+01	4.18684670e+00
1.10450001e+01	4.27258350e+00
1.10469999e+01	4.31999060e+00
1.10489998e+01	4.33072710e+00
1.10509996e+01	4.41852520e+00
1.10530005e+01	4.53183560e+00
1.10550003e+01	4.59769060e+00
1.10570002e+01	4.65378430e+00
1.10590000e+01	4.71013210e+00
1.10609999e+01	4.74509330e+00
1.10629997e+01	4.74265770e+00
1.10649996e+01	4.70802740e+00
1.10670004e+01	4.61378430e+00
1.10690002e+01	4.37202550e+00
1.10710001e+01	3.86860800e+00
1.10729999e+01	3.56451990e+00
1.10749998e+01	4.12541100e+00
1.10769997e+01	4.66400100e+00
1.10790005e+01	4.86868140e+00
1.10810003e+01	4.88440940e+00
1.10830002e+01	4.77345660e+00
1.10850000e+01	4.86007500e+00
1.10869999e+01	5.03496030e+00
1.10889997e+01	5.09426640e+00
1.10909996e+01	5.08822010e+00
1.10930004e+01	5.00878000e+00
1.10950003e+01	5.01166200e+00
1.10970001e+01	5.09147210e+00
1.10990000e+01	5.01912830e+00
1.11009998e+01	4.91411300e+00
1.11029997e+01	4.98321960e+00
1.11049995e+01	5.11051320e+00
1.11070003e+01	5.17299600e+00
1.11090002e+01	5.20981360e+00
1.11110001e+01	5.22477820e+00
1.11129999e+01	5.22778320e+00
1.11149998e+01	5.22592500e+00
1.11169996e+01	5.22986750e+00
1.11190004e+01	5.22814850e+00
1.11210003e+01	5.22711560e+00
1.11230001e+01	5.21886920e+00
1.11250000e+01	5.20686340e+00
1.11269999e+01	5.20257520e+00
1.11289997e+01	5.18906500e+00
1.11309996e+01	5.18842840e+00
1.11330004e+01	5.17749450e+00
1.11350002e+01	5.14574240e+00
1.11370001e+01	5.12132220e+00
1.11389999e+01	5.07589240e+00
1.11409998e+01	5.05648850e+00
1.11429997e+01	5.07083890e+00
1.11450005e+01	5.05769920e+00
1.11470003e+01	5.04054550e+00
1.11490002e+01	5.01592780e+00
1.11510000e+01	4.98185210e+00
1.11529999e+01	4.95742890e+00
1.11549997e+01	4.93059110e+00
1.11569996e+01	4.89078140e+00
1.11590004e+01	4.84639930e+00
1.11610003e+01	4.80177120e+00
1.11630001e+01	4.76059770e+00
1.11650000e+01	4.70090960e+00
1.11669998e+01	4.61531500e+00
1.11689997e+01	4.53025670e+00
1.11709995e+01	4.49284980e+00
1.11730003e+01	4.46086120e+00
1.11750002e+01	4.39943080e+00
1.11770001e+01	4.32170720e+00
1.11789999e+01	4.24575000e+00
1.11809998e+01	4.13172770e+00
1.11829996e+01	4.02291490e+00
1.11850004e+01	3.91811420e+00
1.11870003e+01	3.80182550e+00
1.11890001e+01	3.67840790e+00
1.11910000e+01	3.51898380e+00
1.11929998e+01	3.35481640e+00
1.11949997e+01	3.19986990e+00
1.11969995e+01	3.00938250e+00
1.11990004e+01	2.80026630e+00
1.12010002e+01	2.55651970e+00
1.12030001e+01	2.25500270e+00
1.12049999e+01	1.88725720e+00
1.12069998e+01	1.49788220e+00
1.12089996e+01	1.30654290e+00
1.12110004e+01	1.33235090e+00
1.12130003e+01	1.48533990e+00
1.12150001e+01	1.88672130e+00
1.12170000e+01	2.28300810e+00
1.12189999e+01	2.59597660e+00
1.12209997e+01	2.85002920e+00
1.12229996e+01	3.04044870e+00
1.12250004e+01	3.20385530e+00
1.12270002e+01	3.35704090e+00
1.12290001e+01	3.50468640e+00
1.12309999e+01	3.63944130e+00
1.12329998e+01	3.72397760e+00
1.12349997e+01	3.76078030e+00
1.12370005e+01	3.79390570e+00
1.12390003e+01	3.80919580e+00
1.12410002e+01	3.77768300e+00
1.12430000e+01	3.70977880e+00
1.12449999e+01	3.64667440e+00
1.12469997e+01	3.57751850e+00
1.12489996e+01	3.45152380e+00
1.12510004e+01	3.26706340e+00
1.12530003e+01	3.02455900e+00
1.12550001e+01	2.68421720e+00
1.12570000e+01	2.24370460e+00
1.12589998e+01	1.74081610e+00
1.12609997e+01	1.43070950e+00
1.12629995e+01	1.52234710e+00
1.12650003e+01	1.95426760e+00
1.12670002e+01	2.47916820e+00
1.12690001e+01	2.87863560e+00
1.12709999e+01	3.16902490e+00
1.12729998e+01	3.42062260e+00
1.12749996e+01	3.62116360e+00
1.12770004e+01	3.79600260e+00
1.12790003e+01	3.96935320e+00
1.12810001e+01	4.11841340e+00
1.12830000e+01	4.26015520e+00
1.12849999e+01	4.37611060e+00
1.12869997e+01	4.45641800e+00
1.12889996e+01	4.53546240e+00
1.12910004e+01	4.62141230e+00
1.12930002e+01	4.70120000e+00
1.12950001e+01	4.77798600e+00
1.12969999e+01	4.83902930e+00
1.12989998e+01	4.91248700e+00
1.13009996e+01	4.96999070e+00
1.13030005e+01	5.01310970e+00
1.13050003e+01	5.05398750e+00
1.13070002e+01	5.09495590e+00
1.13090000e+01	5.11935520e+00
1.13109999e+01	5.15694670e+00
1.13129997e+01	5.16996430e+00
1.13149996e+01	5.19710920e+00
1.13170004e+01	5.16882130e+00
1.13190002e+01	5.15365740e+00
1.13210001e+01	5.02742580e+00
1.13229999e+01	4.63960500e+00
1.13249998e+01	4.35480310e+00
1.13269997e+01	4.52909900e+00
1.13290005e+01	4.94794030e+00
1.13310003e+01	5.26128630e+00
1.13330002e+01	5.35676100e+00
1.13350000e+01	5.41021630e+00
1.13369999e+01	5.44251160e+00
1.13389997e+01	5.48278570e+00
1.13409996e+01	5.46698860e+00
1.13430004e+01	5.50626470e+00
1.13450003e+01	5.50786160e+00
1.13470001e+01	5.53501940e+00
1.13490000e+01	5.51803490e+00
1.13509998e+01	5.54468390e+00
1.13529997e+01	5.56122400e+00
1.13549995e+01	5.60849910e+00
1.13570003e+01	5.57948780e+00
1.13590002e+01	5.58528330e+00
1.13610001e+01	5.56683210e+00
1.13629999e+01	5.59722190e+00
1.13649998e+01	5.57489300e+00
1.13669996e+01	5.58983420e+00
1.13690004e+01	5.58296780e+00
1.13710003e+01	5.57716990e+00
1.13730001e+01	5.53409770e+00
1.13750000e+01	5.57935520e+00
1.13769999e+01	5.59376760e+00
1.13789997e+01	5.60988860e+00
1.13809996e+01	5.58524080e+00
1.13830004e+01	5.56269690e+00
1.13850002e+01	5.55433420e+00
1.13870001e+01	5.55610180e+00
1.13889999e+01	5.52296400e+00
1.13909998e+01	5.54507210e+00
1.13929997e+01	5.55659770e+00
1.13950005e+01	5.55589150e+00
1.13970003e+01	5.54810330e+00
1.13990002e+01	5.51263520e+00
1.14010000e+01	5.49509100e+00
1.14029999e+01	5.48283200e+00
1.14049997e+01	5.47243500e+00
1.14069996e+01	5.47688820e+00
1.14090004e+01	5.49520350e+00
1.14110003e+01	5.43577050e+00
1.14130001e+01	5.42446710e+00
1.14150000e+01	5.36331180e+00
1.14169998e+01	5.34069490e+00
1.14189997e+01	5.29241850e+00
1.14209995e+01	5.27773900e+00
1.14230003e+01	5.22393700e+00
1.14250002e+01	5.17777870e+00
1.14270001e+01	5.12976260e+00
1.14289999e+01	5.15585180e+00
1.14309998e+01	5.07760330e+00
1.14329996e+01	4.99510190e+00
1.14350004e+01	4.88440180e+00
1.14370003e+01	4.81569910e+00
1.14390001e+01	4.71196130e+00
1.14410000e+01	4.62956090e+00
1.14429998e+01	4.48240230e+00
1.14449997e+01	4.41923430e+00
1.14469995e+01	4.28710560e+00
1.14490004e+01	4.05870200e+00
1.14510002e+01	3.82579950e+00
1.14530001e+01	3.53076290e+00
1.14549999e+01	3.17075970e+00
1.14569998e+01	2.74408890e+00
1.14589996e+01	2.15476800e+00
1.14610004e+01	2.05185940e+00
1.14630003e+01	2.57871820e+00
1.14650001e+01	2.89621730e+00
1.14670000e+01	2.91731950e+00
1.14689999e+01	2.49240180e+00
1.14709997e+01	2.11330150e+00
1.14729996e+01	2.38566950e+00
1.14750004e+01	2.98348050e+00
1.14770002e+01	3.39520650e+00
1.14790001e+01	3.66458990e+00
1.14809999e+01	3.93016820e+00
1.14829998e+01	4.22983170e+00
1.14849997e+01	4.36841490e+00
1.14870005e+01	4.46571970e+00
1.14890003e+01	4.52777290e+00
1.14910002e+01	4.64721200e+00
1.14930000e+01	4.63839630e+00
1.14949999e+01	4.61965610e+00
1.14969997e+01	4.60337730e+00
1.14989996e+01	4.63943240e+00
1.15010004e+01	4.68827870e+00
1.15030003e+01	4.55969140e+00
1.15050001e+01	4.45439000e+00
1.15070000e+01	4.32261040e+00
1.15089998e+01	4.07429600e+00
1.15109997e+01	3.89758490e+00
1.15129995e+01	3.72819020e+00
1.15150003e+01	3.51083470e+00
1.15170002e+01	3.29982950e+00
1.15190001e+01	2.71703960e+00
1.15209999e+01	2.23804470e+00
1.15229998e+01	2.14542960e+00
1.15249996e+01	2.25418620e+00
1.15270004e+01	2.47135620e+00
1.15290003e+01	2.96265550e+00
1.15310001e+01	3.46271490e+00
1.15330000e+01	3.79764130e+00
1.15349999e+01	4.03131250e+00
1.15369997e+01	4.31769510e+00
1.15389996e+01	4.54213810e+00
1.15410004e+01	4.67696910e+00
1.15430002e+01	4.76150750e+00
1.15450001e+01	4.85744290e+00
1.15469999e+01	4.92390160e+00
1.15489998e+01	5.00624510e+00
1.15509996e+01	5.07073550e+00
1.15530005e+01	5.12748860e+00
1.15550003e+01	5.32347820e+00
1.15570002e+01	5.37657360e+00
1.15590000e+01	5.41200730e+00
1.15609999e+01	5.37288050e+00
1.15629997e+01	5.38585470e+00
1.15649996e+01	5.44710830e+00
1.15670004e+01	5.50235510e+00
1.15690002e+01	5.50923400e+00
1.15710001e+01	5.57587390e+00
1.15729999e+01	5.68450740e+00
1.15749998e+01	5.68126300e+00
1.15769997e+01	5.65909100e+00
1.15790005e+01	5.60145850e+00
1.15810003e+01	5.58712200e+00
1.15830002e+01	5.53552010e+00
1.15850000e+01	5.22069030e+00
1.15869999e+01	4.98005530e+00
1.15889997e+01	5.00631710e+00
1.15909996e+01	5.15553620e+00
1.15930004e+01	5.52566860e+00
1.15950003e+01	5.61668210e+00
1.15970001e+01	5.67951440e+00
1.15990000e+01	5.75248860e+00
1.16009998e+01	5.80229710e+00
1.16029997e+01	5.80928560e+00
1.16049995e+01	5.80922840e+00
1.16070003e+01	5.74093630e+00
1.16090002e+01	5.82792330e+00
1.16110001e+01	5.83881470e+00
1.16129999e+01	5.83885190e+00
1.16149998e+01	5.78941150e+00
1.16169996e+01	5.78939770e+00
1.16190004e+01	5.87925620e+00
1.16210003e+01	5.86451340e+00
1.16230001e+01	5.78761960e+00
1.16250000e+01	5.78755520e+00
1.16269999e+01	5.89872410e+00
1.16289997e+01	5.84290080e+00
1.16309996e+01	5.84292510e+00
1.16330004e+01	5.81172280e+00
1.16350002e+01	5.90773150e+00
1.16370001e+01	5.90780120e+00
1.16389999e+01	5.86388350e+00
1.16409998e+01	5.73254160e+00
1.16429997e+01	5.73243380e+00
1.16450005e+01	5.62144330e+00
1.16470003e+01	5.70478680e+00
1.16490002e+01	5.70488690e+00
1.16510000e+01	5.75896220e+00
1.16529999e+01	5.85118720e+00
1.16549997e+01	5.85152100e+00
1.16569996e+01	5.82026290e+00
1.16590004e+01	5.68694780e+00
1.16610003e+01	5.68716380e+00
1.16630001e+01	5.49482390e+00
1.16650000e+01	5.56984190e+00
1.16669998e+01	5.57029200e+00
1.16689997e+01	5.63799950e+00
1.16709995e+01	5.63861370e+00
1.16730003e+01	5.67331410e+00
1.16750002e+01	5.63149020e+00
1.16770001e+01	5.40250060e+00
1.16789999e+01	5.40312000e+00
1.16809998e+01	5.19434690e+00
1.16829996e+01	5.19500970e+00
1.16850004e+01	5.29243950e+00
1.16870003e+01	5.29879860e+00
1.16890001e+01	5.27237180e+00
1.16910000e+01	5.27364110e+00
1.16929998e+01	5.22125430e+00
1.16949997e+01	4.86652990e+00
1.16969995e+01	4.86792990e+00
