# wave (µm)	R (µW cm-2 sr-1 µm-1)
8.66899967e+00	1.67077140e+00
8.67099953e+00	8.84920540e-01
8.67300034e+00	1.42874160e+00
8.67500019e+00	1.63723700e+00
8.67700005e+00	1.96830640e+00
8.67899990e+00	2.31004550e+00
8.68099976e+00	2.10503820e+00
8.68299961e+00	1.63232660e+00
8.68500042e+00	1.27203140e+00
8.68700027e+00	2.36752720e+00
8.68900013e+00	2.47473500e+00
8.69099998e+00	2.27361230e+00
8.69299984e+00	1.60041690e+00
8.69499969e+00	1.44380640e+00
8.69699955e+00	2.73886560e+00
8.69900036e+00	3.14032630e+00
8.70100021e+00	2.86225010e+00
8.70300007e+00	2.81593890e+00
8.70499992e+00	3.12825300e+00
8.70699978e+00	2.97524000e+00
8.70899963e+00	3.21665620e+00
8.71100044e+00	2.72172710e+00
8.71300030e+00	1.97548460e+00
8.71500015e+00	2.23562260e+00
8.71700001e+00	2.89275340e+00
8.71899986e+00	3.30453780e+00
8.72099972e+00	3.19478850e+00
8.72299957e+00	3.16618250e+00
8.72500038e+00	3.09929630e+00
8.72700024e+00	2.88369250e+00
8.72900009e+00	2.82709430e+00
8.73099995e+00	2.93493030e+00
8.73299980e+00	2.78686690e+00
8.73499966e+00	2.76060460e+00
8.73700047e+00	2.88457680e+00
8.73900032e+00	2.25477790e+00
8.74100018e+00	1.86638410e+00
8.74300003e+00	1.99034820e+00
8.74499989e+00	1.83315090e+00
8.74699974e+00	2.05183030e+00
8.74899960e+00	2.64893390e+00
8.75100040e+00	2.48165680e+00
8.75300026e+00	2.24683640e+00
8.75500011e+00	1.88515530e+00
8.75699997e+00	1.16985120e+00
8.75899982e+00	1.28550910e+00
8.76099968e+00	1.67562150e+00
8.76299953e+00	1.49164510e+00
8.76500034e+00	9.93679940e-01
8.76700020e+00	6.66493240e-01
8.76900005e+00	8.16716430e-01
8.77099991e+00	8.95110370e-01
8.77299976e+00	1.32486280e+00
8.77499962e+00	1.56263290e+00
8.77700043e+00	1.72899330e+00
8.77900028e+00	1.89584390e+00
8.78100014e+00	2.29360750e+00
8.78299999e+00	2.53649450e+00
8.78499985e+00	2.36598610e+00
8.78699970e+00	2.03731470e+00
8.78899956e+00	2.00582740e+00
8.79100037e+00	2.15095210e+00
8.79300022e+00	2.17489220e+00
8.79500008e+00	2.24512720e+00
8.79699993e+00	2.02774860e+00
8.79899979e+00	2.22889330e+00
8.80099964e+00	2.05524370e+00
8.80300045e+00	2.13453030e+00
8.80500031e+00	2.03082040e+00
8.80700016e+00	1.43514500e+00
8.80900002e+00	1.76552830e+00
8.81099987e+00	2.31957700e+00
8.81299973e+00	2.59159470e+00
8.81499958e+00	2.50585410e+00
8.81700039e+00	2.41005280e+00
8.81900024e+00	1.98262870e+00
8.82100010e+00	2.10357860e+00
8.82299995e+00	2.24768350e+00
8.82499981e+00	2.69226670e+00
8.82699966e+00	2.43029240e+00
8.82900047e+00	2.16802530e+00
8.83100033e+00	2.31637550e+00
8.83300018e+00	2.10711880e+00
8.83500004e+00	1.46251670e+00
8.83699989e+00	1.25605880e+00
8.83899975e+00	1.76729070e+00
8.84099960e+00	2.20262460e+00
8.84300041e+00	1.90016600e+00
8.84500027e+00	1.30044200e+00
8.84700012e+00	1.10941460e+00
8.84899998e+00	1.64977860e+00
8.85099983e+00	2.48187210e+00
8.85299969e+00	2.27907660e+00
8.85499954e+00	1.60358670e+00
8.85700035e+00	1.24500910e+00
8.85900021e+00	1.53263890e+00
8.86100006e+00	2.47651550e+00
8.86299992e+00	2.74918270e+00
8.86499977e+00	2.82240490e+00
8.86699963e+00	2.57418060e+00
8.86900043e+00	1.67824710e+00
8.87100029e+00	1.77928140e+00
8.87300014e+00	2.34445570e+00
8.87500000e+00	2.01817180e+00
8.87699986e+00	1.66598880e+00
8.87899971e+00	1.87991820e+00
8.88099957e+00	1.54215320e+00
8.88300037e+00	1.97201980e+00
8.88500023e+00	2.56065870e+00
8.88700008e+00	2.60413380e+00
8.88899994e+00	2.12653350e+00
8.89099979e+00	1.76535110e+00
8.89299965e+00	2.00422100e+00
8.89500046e+00	1.72366990e+00
8.89700031e+00	1.58450680e+00
8.89900017e+00	1.85431390e+00
8.90100002e+00	1.82877080e+00
8.90299988e+00	1.76138510e+00
8.90499973e+00	1.46129680e+00
8.90699959e+00	1.11052420e+00
8.90900040e+00	7.91803540e-01
8.91100025e+00	4.62145510e-01
8.91300011e+00	3.99276230e-01
8.91499996e+00	3.46055030e-01
8.91699982e+00	3.35351850e-01
8.91899967e+00	4.37900220e-01
8.92099953e+00	7.19365540e-01
8.92300034e+00	8.87637670e-01
8.92500019e+00	8.71935490e-01
8.92700005e+00	9.28593990e-01
8.92899990e+00	8.71070500e-01
8.93099976e+00	9.77019910e-01
8.93299961e+00	8.58655570e-01
8.93500042e+00	8.61282770e-01
8.93700027e+00	1.14783840e+00
8.93900013e+00	1.22445730e+00
8.94099998e+00	1.40496170e+00
8.94299984e+00	1.46358530e+00
8.94499969e+00	1.11871860e+00
8.94699955e+00	9.48947370e-01
8.94900036e+00	9.52549460e-01
8.95100021e+00	1.19498430e+00
8.95300007e+00	9.46336810e-01
8.95499992e+00	1.20045880e+00
8.95699978e+00	1.76034780e+00
8.95899963e+00	1.19959200e+00
8.96100044e+00	1.04463460e+00
8.96300030e+00	1.77792860e+00
8.96500015e+00	1.67888690e+00
8.96700001e+00	1.28836640e+00
8.96899986e+00	1.61149700e+00
8.97099972e+00	1.33347330e+00
8.97299957e+00	1.42350850e+00
8.97500038e+00	1.94123590e+00
8.97700024e+00	2.26030180e+00
8.97900009e+00	2.65445920e+00
8.98099995e+00	2.44479160e+00
8.98299980e+00	1.77763030e+00
8.98499966e+00	1.48986160e+00
8.98700047e+00	2.08416820e+00
8.98900032e+00	2.49948530e+00
8.99100018e+00	2.25685760e+00
8.99300003e+00	2.38249520e+00
8.99499989e+00	2.79648520e+00
8.99699974e+00	2.76436920e+00
8.99899960e+00	2.36448740e+00
9.00100040e+00	1.77009310e+00
9.00300026e+00	1.28774550e+00
9.00500011e+00	1.64542440e+00
9.00699997e+00	2.10333730e+00
9.00899982e+00	1.74348390e+00
9.01099968e+00	2.07342840e+00
9.01299953e+00	2.67032690e+00
9.01500034e+00	2.92123680e+00
9.01700020e+00	2.89890410e+00
9.01900005e+00	2.62618590e+00
9.02099991e+00	2.61174800e+00
9.02299976e+00	2.42334390e+00
9.02499962e+00	1.81036480e+00
9.02700043e+00	1.54666600e+00
9.02900028e+00	1.94415770e+00
9.03100014e+00	2.16714310e+00
9.03299999e+00	2.53370380e+00
9.03499985e+00	2.66322420e+00
9.03699970e+00	2.57507210e+00
9.03899956e+00	2.50825290e+00
9.04100037e+00	2.44354390e+00
9.04300022e+00	2.39330150e+00
9.04500008e+00	2.28046230e+00
9.04699993e+00	2.10984950e+00
9.04899979e+00	1.89141680e+00
9.05099964e+00	1.75945410e+00
9.05300045e+00	1.53996430e+00
9.05500031e+00	1.19929580e+00
9.05700016e+00	1.05592020e+00
9.05900002e+00	7.90374520e-01
9.06099987e+00	5.05160390e-01
9.06299973e+00	4.20333530e-01
9.06499958e+00	7.51094820e-01
9.06700039e+00	1.10488100e+00
9.06900024e+00	1.37340020e+00
9.07100010e+00	1.57944580e+00
9.07299995e+00	1.78560100e+00
9.07499981e+00	1.93863730e+00
9.07699966e+00	2.05216030e+00
9.07900047e+00	1.87154440e+00
9.08100033e+00	1.67203890e+00
9.08300018e+00	2.23123530e+00
9.08500004e+00	2.55360340e+00
9.08699989e+00	2.68603400e+00
9.08899975e+00	2.74826600e+00
9.09099960e+00	2.81099250e+00
9.09300041e+00	2.87957140e+00
9.09500027e+00	2.91876390e+00
9.09700012e+00	2.87290930e+00
9.09899998e+00	2.58710310e+00
9.10099983e+00	1.89604390e+00
9.10299969e+00	1.49091910e+00
9.10499954e+00	1.94351970e+00
9.10700035e+00	2.15729950e+00
9.10900021e+00	2.62460230e+00
9.11100006e+00	2.62444470e+00
9.11299992e+00	2.36994430e+00
9.11499977e+00	2.30102900e+00
9.11699963e+00	1.73167920e+00
9.11900043e+00	1.46335030e+00
9.12100029e+00	1.66308810e+00
9.12300014e+00	1.35179920e+00
9.12500000e+00	1.53723760e+00
9.12699986e+00	1.42235120e+00
9.12899971e+00	1.52131610e+00
9.13099957e+00	1.13499750e+00
9.13300037e+00	1.51410450e+00
9.13500023e+00	2.12981250e+00
9.13700008e+00	2.38729290e+00
9.13899994e+00	2.30278800e+00
9.14099979e+00	1.84492870e+00
9.14299965e+00	1.31558980e+00
9.14500046e+00	1.76082920e+00
9.14700031e+00	2.31386420e+00
9.14900017e+00	2.32642360e+00
9.15100002e+00	1.83622310e+00
9.15299988e+00	2.01918720e+00
9.15499973e+00	2.20805120e+00
9.15699959e+00	1.74887700e+00
9.15900040e+00	1.25401120e+00
9.16100025e+00	1.69519160e+00
9.16300011e+00	2.21059060e+00
9.16499996e+00	2.29345610e+00
9.16699982e+00	2.27663590e+00
9.16899967e+00	2.36863470e+00
9.17099953e+00	2.08306460e+00
9.17300034e+00	1.39834280e+00
9.17500019e+00	1.52736140e+00
9.17700005e+00	1.47923670e+00
9.17899990e+00	9.63065620e-01
9.18099976e+00	1.05141370e+00
9.18299961e+00	1.63638040e+00
9.18500042e+00	2.04262500e+00
9.18700027e+00	2.17587880e+00
9.18900013e+00	2.05157660e+00
9.19099998e+00	1.55075450e+00
9.19299984e+00	1.44848790e+00
9.19499969e+00	1.52204420e+00
9.19699955e+00	9.15289040e-01
9.19900036e+00	9.40671270e-01
9.20100021e+00	1.47469940e+00
9.20300007e+00	1.43756780e+00
9.20499992e+00	1.10931180e+00
9.20699978e+00	1.19499210e+00
9.20899963e+00	1.35372640e+00
9.21100044e+00	1.28778040e+00
9.21300030e+00	1.12075780e+00
9.21500015e+00	8.99125100e-01
9.21700001e+00	6.24047400e-01
9.21899986e+00	3.62619100e-01
9.22099972e+00	3.69411170e-01
9.22299957e+00	5.90261760e-01
9.22500038e+00	8.88964830e-01
9.22700024e+00	1.14739980e+00
9.22900009e+00	1.34391050e+00
9.23099995e+00	1.47131550e+00
9.23299980e+00	1.47356920e+00
9.23499966e+00	1.66196060e+00
9.23700047e+00	1.86413030e+00
9.23900032e+00	1.97048410e+00
9.24100018e+00	1.97389790e+00
9.24300003e+00	1.61677930e+00
9.24499989e+00	1.41897400e+00
9.24699974e+00	1.67571220e+00
9.24899960e+00	2.13471580e+00
9.25100040e+00	2.32307030e+00
9.25300026e+00	2.13604780e+00
9.25500011e+00	1.69882790e+00
9.25699997e+00	2.11976410e+00
9.25899982e+00	2.41722510e+00
9.26099968e+00	2.41284230e+00
9.26299953e+00	2.06787710e+00
9.26500034e+00	1.59219730e+00
9.26700020e+00	1.31982580e+00
9.26900005e+00	1.09489540e+00
9.27099991e+00	1.97767080e+00
9.27299976e+00	2.48142500e+00
9.27499962e+00	2.51734500e+00
9.27700043e+00	2.39666800e+00
9.27900028e+00	2.44311980e+00
9.28100014e+00	2.41084530e+00
9.28299999e+00	2.32759240e+00
9.28499985e+00	2.12190510e+00
9.28699970e+00	1.87154560e+00
9.28899956e+00	1.74282480e+00
9.29100037e+00	1.30661460e+00
9.29300022e+00	7.34305800e-01
9.29500008e+00	5.70689860e-01
9.29699993e+00	8.50776850e-01
9.29899979e+00	1.00404690e+00
9.30099964e+00	9.55526530e-01
9.30300045e+00	1.41579970e+00
9.30500031e+00	1.55656390e+00
9.30700016e+00	1.29222050e+00
9.30900002e+00	7.99584750e-01
9.31099987e+00	9.12526670e-01
9.31299973e+00	1.35840270e+00
9.31499958e+00	1.25199830e+00
9.31700039e+00	1.41082560e+00
9.31900024e+00	1.67737330e+00
9.32100010e+00	1.30810050e+00
9.32299995e+00	9.54869030e-01
9.32499981e+00	1.41146980e+00
9.32699966e+00	1.82948600e+00
9.32900047e+00	1.85342040e+00
9.33100033e+00	1.98507880e+00
9.33300018e+00	2.06380300e+00
9.33500004e+00	1.89557520e+00
9.33699989e+00	1.35127540e+00
9.33899975e+00	7.81006750e-01
9.34099960e+00	8.07649310e-01
9.34300041e+00	1.34159020e+00
9.34500027e+00	1.69972520e+00
9.34700012e+00	1.81014300e+00
9.34899998e+00	1.64538250e+00
9.35099983e+00	1.65010110e+00
9.35299969e+00	1.81808880e+00
9.35499954e+00	1.87725330e+00
9.35700035e+00	1.78805050e+00
9.35900021e+00	1.52300480e+00
9.36100006e+00	1.10334960e+00
9.36299992e+00	7.23209320e-01
9.36499977e+00	7.59117900e-01
9.36699963e+00	1.00996980e+00
9.36900043e+00	1.27796530e+00
9.37100029e+00	1.28885510e+00
9.37300014e+00	1.27607760e+00
9.37500000e+00	1.12121360e+00
9.37699986e+00	9.79011710e-01
9.37899971e+00	8.14580260e-01
9.38099957e+00	6.40997650e-01
9.38300037e+00	4.11532280e-01
9.38500023e+00	3.27755270e-01
9.38700008e+00	4.85847290e-01
9.38899994e+00	6.99652490e-01
9.39099979e+00	9.33340430e-01
9.39299965e+00	1.08116010e+00
9.39500046e+00	9.56666110e-01
9.39700031e+00	1.05652980e+00
9.39900017e+00	1.20151090e+00
9.40100002e+00	1.31969020e+00
9.40299988e+00	1.62410870e+00
9.40499973e+00	1.85104200e+00
9.40699959e+00	1.86583670e+00
9.40900040e+00	1.50816930e+00
9.41100025e+00	1.57851140e+00
9.41300011e+00	1.94671400e+00
9.41499996e+00	2.09375980e+00
9.41699982e+00	2.01521680e+00
9.41899967e+00	2.24889490e+00
9.42099953e+00	2.31553030e+00
9.42300034e+00	2.38432310e+00
9.42500019e+00	2.47856710e+00
9.42700005e+00	2.36409330e+00
9.42899990e+00	1.83040230e+00
9.43099976e+00	1.37550780e+00
9.43299961e+00	1.59849290e+00
9.43500042e+00	1.83669600e+00
9.43700027e+00	1.96540940e+00
9.43900013e+00	2.25155400e+00
9.44099998e+00	1.88103230e+00
9.44299984e+00	2.06858130e+00
9.44499969e+00	2.48147920e+00
9.44699955e+00	2.41584540e+00
9.44900036e+00	2.03490090e+00
9.45100021e+00	1.73749580e+00
9.45300007e+00	1.38809560e+00
9.45499992e+00	1.73057570e+00
9.45699978e+00	2.22633670e+00
9.45899963e+00	2.30327110e+00
9.46100044e+00	2.35620240e+00
9.46300030e+00	2.22469210e+00
9.46500015e+00	1.74476610e+00
9.46700001e+00	1.89249380e+00
9.46899986e+00	1.90621440e+00
9.47099972e+00	1.65439340e+00
9.47299957e+00	1.79162660e+00
9.47500038e+00	1.68467040e+00
9.47700024e+00	1.26537530e+00
9.47900009e+00	7.70595310e-01
9.48099995e+00	8.40183260e-01
9.48299980e+00	9.35679790e-01
9.48499966e+00	6.69926460e-01
9.48700047e+00	8.94253430e-01
9.48900032e+00	1.26377250e+00
9.49100018e+00	1.27615640e+00
9.49300003e+00	9.52893970e-01
9.49499989e+00	5.52878860e-01
9.49699974e+00	5.39908050e-01
9.49899960e+00	8.25307430e-01
9.50100040e+00	1.29487090e+00
9.50300026e+00	1.31545040e+00
9.50500011e+00	1.10018660e+00
9.50699997e+00	8.35958660e-01
9.50899982e+00	5.94783900e-01
9.51099968e+00	6.63653790e-01
9.51299953e+00	1.17309750e+00
9.51500034e+00	1.54578380e+00
9.51700020e+00	1.69945760e+00
9.51900005e+00	1.78584420e+00
9.52099991e+00	1.76689090e+00
9.52299976e+00	1.64598230e+00
9.52499962e+00	1.40147780e+00
9.52700043e+00	1.00880690e+00
9.52900028e+00	7.57854940e-01
9.53100014e+00	8.63814890e-01
9.53299999e+00	1.19363460e+00
9.53499985e+00	1.27025690e+00
9.53699970e+00	1.37088950e+00
9.53899956e+00	1.37893010e+00
9.54100037e+00	1.14068580e+00
9.54300022e+00	1.01144180e+00
9.54500008e+00	1.09872250e+00
9.54699993e+00	1.01026460e+00
9.54899979e+00	8.62088380e-01
9.55099964e+00	6.78862750e-01
9.55300045e+00	4.62617340e-01
9.55500031e+00	3.46972410e-01
9.55700016e+00	3.15513340e-01
9.55900002e+00	4.24617710e-01
9.56099987e+00	5.56661190e-01
9.56299973e+00	6.46926640e-01
9.56499958e+00	7.91551530e-01
9.56700039e+00	6.68066500e-01
9.56900024e+00	7.22522440e-01
9.57100010e+00	1.13095200e+00
9.57299995e+00	1.39646150e+00
9.57499981e+00	1.53425190e+00
9.57699966e+00	1.61069380e+00
9.57900047e+00	1.68456980e+00
9.58100033e+00	1.81292680e+00
9.58300018e+00	1.85458640e+00
9.58500004e+00	1.65793240e+00
9.58699989e+00	1.59160280e+00
9.58899975e+00	1.98398020e+00
9.59099960e+00	2.14758250e+00
9.59300041e+00	2.20497680e+00
9.59500027e+00	2.23418950e+00
9.59700012e+00	2.24583670e+00
9.59899998e+00	2.14158110e+00
9.60099983e+00	1.61659990e+00
9.60299969e+00	1.14629270e+00
9.60499954e+00	1.26529150e+00
9.60700035e+00	1.60712680e+00
9.60900021e+00	2.07456280e+00
9.61100006e+00	2.09097980e+00
9.61299992e+00	1.50761340e+00
9.61499977e+00	1.01524950e+00
9.61699963e+00	1.71628890e+00
9.61900043e+00	2.17350530e+00
9.62100029e+00	1.96067820e+00
9.62300014e+00	1.30449370e+00
9.62500000e+00	1.49723420e+00
9.62699986e+00	1.38866890e+00
9.62899971e+00	8.19579060e-01
9.63099957e+00	1.18311490e+00
9.63300037e+00	2.00301790e+00
9.63500023e+00	2.21098380e+00
9.63700008e+00	2.01684400e+00
9.63899994e+00	2.24535990e+00
9.64099979e+00	2.42411490e+00
9.64299965e+00	2.42578630e+00
9.64500046e+00	2.39330170e+00
9.64700031e+00	2.34520480e+00
9.64900017e+00	2.26060460e+00
9.65100002e+00	2.15379020e+00
9.65299988e+00	2.09999300e+00
9.65499973e+00	2.01641990e+00
9.65699959e+00	1.89336360e+00
9.65900040e+00	1.74088720e+00
9.66100025e+00	1.55658170e+00
9.66300011e+00	1.29300170e+00
9.66499996e+00	9.08546570e-01
9.66699982e+00	6.46840450e-01
9.66899967e+00	4.53226270e-01
9.67099953e+00	4.90583360e-01
9.67300034e+00	7.18420330e-01
9.67500019e+00	7.75714460e-01
9.67700005e+00	5.25149700e-01
9.67899990e+00	5.14896930e-01
9.68099976e+00	8.64312830e-01
9.68299961e+00	1.05198760e+00
9.68500042e+00	8.80333960e-01
9.68700027e+00	5.39957580e-01
9.68900013e+00	4.55905590e-01
9.69099998e+00	6.52408660e-01
9.69299984e+00	5.92069980e-01
9.69499969e+00	6.41085570e-01
9.69699955e+00	1.10367010e+00
9.69900036e+00	1.33607550e+00
9.70100021e+00	1.21056290e+00
9.70300007e+00	8.59065000e-01
9.70499992e+00	6.55223130e-01
9.70699978e+00	9.26877680e-01
9.70899963e+00	1.23604700e+00
9.71100044e+00	1.44966820e+00
9.71300030e+00	1.69182120e+00
9.71500015e+00	1.75482750e+00
9.71700001e+00	1.76628520e+00
9.71899986e+00	1.79795070e+00
9.72099972e+00	1.74487780e+00
9.72299957e+00	1.64420580e+00
9.72500038e+00	1.50919530e+00
9.72700024e+00	1.33584460e+00
9.72900009e+00	1.17761270e+00
9.73099995e+00	9.85511180e-01
9.73299980e+00	7.39574610e-01
9.73499966e+00	5.02610980e-01
9.73700047e+00	4.09955770e-01
9.73900032e+00	5.64103250e-01
9.74100018e+00	7.95911730e-01
9.74300003e+00	9.69368990e-01
9.74499989e+00	8.86826520e-01
9.74699974e+00	8.51188960e-01
9.74899960e+00	1.31084440e+00
9.75100040e+00	1.56893250e+00
9.75300026e+00	1.53430140e+00
9.75500011e+00	1.08537290e+00
9.75699997e+00	1.16437770e+00
9.75899982e+00	1.32480130e+00
9.76099968e+00	7.90032270e-01
9.76299953e+00	6.99934780e-01
9.76500034e+00	1.43097890e+00
9.76700020e+00	2.11247160e+00
9.76900005e+00	2.40309170e+00
9.77099991e+00	2.53495570e+00
9.77299976e+00	2.61897850e+00
9.77499962e+00	2.67144580e+00
9.77700043e+00	2.61528160e+00
9.77900028e+00	2.51243690e+00
9.78100014e+00	2.68141790e+00
9.78299999e+00	2.74036880e+00
9.78499985e+00	2.50925870e+00
9.78699970e+00	2.09172510e+00
9.78899956e+00	2.38221030e+00
9.79100037e+00	2.79873900e+00
9.79300022e+00	2.95016000e+00
9.79500008e+00	3.01458190e+00
9.79699993e+00	3.04141240e+00
9.79899979e+00	3.05252910e+00
9.80099964e+00	3.07134290e+00
9.80300045e+00	3.08772990e+00
9.80500031e+00	3.08530570e+00
9.80700016e+00	3.08227490e+00
9.80900002e+00	3.06049130e+00
9.81099987e+00	3.00135330e+00
9.81299973e+00	2.99862380e+00
9.81499958e+00	3.01235290e+00
9.81700039e+00	2.96608970e+00
9.81900024e+00	2.75848750e+00
9.82100010e+00	2.49474020e+00
9.82299995e+00	2.61720420e+00
9.82499981e+00	2.34719710e+00
9.82699966e+00	1.54542990e+00
9.82900047e+00	1.60307740e+00
9.83100033e+00	1.73018740e+00
9.83300018e+00	9.73009470e-01
9.83500004e+00	7.27228220e-01
9.83699989e+00	1.45476830e+00
9.83899975e+00	2.21584030e+00
9.84099960e+00	2.46647860e+00
9.84300041e+00	2.51753880e+00
9.84500027e+00	2.50591950e+00
9.84700012e+00	2.43036460e+00
9.84899998e+00	2.37404580e+00
9.85099983e+00	2.31918480e+00
9.85299969e+00	2.24573760e+00
9.85499954e+00	2.16931530e+00
9.85700035e+00	2.05453780e+00
9.85900021e+00	1.91678310e+00
9.86100006e+00	1.75989350e+00
9.86299992e+00	1.56955170e+00
9.86499977e+00	1.31191650e+00
9.86699963e+00	9.72713350e-01
9.86900043e+00	6.26131950e-01
9.87100029e+00	6.24936340e-01
9.87300014e+00	8.20167540e-01
9.87500000e+00	7.33030140e-01
9.87699986e+00	5.64717470e-01
9.87899971e+00	7.73898010e-01
9.88099957e+00	1.04642720e+00
9.88300037e+00	1.11740230e+00
9.88500023e+00	9.89326540e-01
9.88700008e+00	7.24400520e-01
9.88899994e+00	5.22905650e-01
9.89099979e+00	6.73582020e-01
9.89299965e+00	9.92968260e-01
9.89500046e+00	1.26396790e+00
9.89700031e+00	1.46276890e+00
9.89900017e+00	1.57794940e+00
9.90100002e+00	1.64288540e+00
9.90299988e+00	1.66929700e+00
9.90499973e+00	1.63430440e+00
9.90699959e+00	1.45004300e+00
9.90900040e+00	1.00249560e+00
9.91100025e+00	7.09180470e-01
9.91300011e+00	9.00973380e-01
9.91499996e+00	1.11803500e+00
9.91699982e+00	1.03541230e+00
9.91899967e+00	8.83875010e-01
9.92099953e+00	7.11946610e-01
9.92300034e+00	5.21331430e-01
9.92500019e+00	4.20498460e-01
9.92700005e+00	5.08066000e-01
9.92899990e+00	6.94730580e-01
9.93099976e+00	8.94390400e-01
9.93299961e+00	1.07902300e+00
9.93500042e+00	1.25656030e+00
9.93700027e+00	1.42602800e+00
9.93900013e+00	1.57610130e+00
9.94099998e+00	1.69659360e+00
9.94299984e+00	1.81052110e+00
9.94499969e+00	1.91535580e+00
9.94699955e+00	2.02360960e+00
9.94900036e+00	2.12743950e+00
9.95100021e+00	2.21712040e+00
9.95300007e+00	2.29349180e+00
9.95499992e+00	2.36154010e+00
9.95699978e+00	2.41230510e+00
9.95899963e+00	2.50061890e+00
9.96100044e+00	2.57461430e+00
9.96300030e+00	2.62825940e+00
9.96500015e+00	2.68033600e+00
9.96700001e+00	2.72413160e+00
9.96899986e+00	2.75489070e+00
9.97099972e+00	2.76262660e+00
9.97299957e+00	2.71753240e+00
9.97500038e+00	2.44710800e+00
9.97700024e+00	1.96813910e+00
9.97900009e+00	2.16327120e+00
9.98099995e+00	2.65567300e+00
9.98299980e+00	2.86957050e+00
9.98499966e+00	2.95007280e+00
9.98700047e+00	2.97165510e+00
9.98900032e+00	2.92141960e+00
9.99100018e+00	2.54669400e+00
9.99300003e+00	1.86953380e+00
9.99499989e+00	2.44662810e+00
9.99699974e+00	2.96228530e+00
9.99899960e+00	3.04353620e+00
1.00010004e+01	3.06987910e+00
1.00030003e+01	3.10986690e+00
1.00050001e+01	3.12409280e+00
1.00070000e+01	3.12917880e+00
1.00089998e+01	3.13877080e+00
1.00109997e+01	3.11926250e+00
1.00129995e+01	3.10911630e+00
1.00150003e+01	3.09532240e+00
1.00170002e+01	3.07366540e+00
1.00190001e+01	3.05226230e+00
1.00209999e+01	3.03028440e+00
1.00229998e+01	3.00703330e+00
1.00249996e+01	2.98110010e+00
1.00270004e+01	2.95398120e+00
1.00290003e+01	2.91430280e+00
1.00310001e+01	2.88398890e+00
1.00330000e+01	2.83126590e+00
1.00349999e+01	2.77933340e+00
1.00369997e+01	2.72992660e+00
1.00389996e+01	2.67119380e+00
1.00410004e+01	2.60858230e+00
1.00430002e+01	2.54678850e+00
1.00450001e+01	2.47662900e+00
1.00469999e+01	2.39167710e+00
1.00489998e+01	2.29844830e+00
1.00509996e+01	2.21903800e+00
1.00530005e+01	2.14445020e+00
1.00550003e+01	2.04213380e+00
1.00570002e+01	1.91477190e+00
1.00590000e+01	1.77287960e+00
1.00609999e+01	1.63285390e+00
1.00629997e+01	1.48859750e+00
1.00649996e+01	1.32812560e+00
1.00670004e+01	1.14168000e+00
1.00690002e+01	9.03041960e-01
1.00710001e+01	6.64698840e-01
1.00729999e+01	4.94493750e-01
1.00749998e+01	4.75380030e-01
1.00769997e+01	5.23648200e-01
1.00790005e+01	5.41218940e-01
1.00810003e+01	4.38244850e-01
1.00830002e+01	4.51480720e-01
1.00850000e+01	5.82769990e-01
1.00869999e+01	8.04093180e-01
1.00889997e+01	1.00751010e+00
1.00909996e+01	1.11630540e+00
1.00930004e+01	1.03892970e+00
1.00950003e+01	1.02491830e+00
1.00970001e+01	8.36580040e-01
1.00990000e+01	9.63670130e-01
1.01009998e+01	1.11373830e+00
1.01029997e+01	1.18609390e+00
1.01049995e+01	1.09811340e+00
1.01070003e+01	1.16502770e+00
1.01090002e+01	1.52436140e+00
1.01110001e+01	1.63291940e+00
1.01129999e+01	1.37022070e+00
1.01149998e+01	1.38802190e+00
1.01169996e+01	1.81606090e+00
1.01190004e+01	2.06205180e+00
1.01210003e+01	2.00205760e+00
1.01230001e+01	2.05190300e+00
1.01250000e+01	2.06489660e+00
1.01269999e+01	2.15147810e+00
1.01289997e+01	2.40902520e+00
1.01309996e+01	2.42440410e+00
